1
2
4
8
16
16
16
16
16
16
20
24
32
40
40
40
48
52
52
52
52
52
52
52
52
52
52
52
52
56
64
64
64
68
72
80
84
88
88
88
88
88
88
88
88
96
100
100
100
104
112
112
112
116
128
132
136
136
136
144
148
148
148
152
160
160
160
160
160
160
160
160
160
160
160
160
160
168
176
180
184
184
184
192
196
196
196
196
196
196
196
196
200
208
208
208
212
224
228
232
232
232
232
232
232
240
244
244
244
256
256
256
260
264
272
276
280
280
280
288
296
304
304
304
304
304
304
304
304
304
304
304
304
304
304
308
312
320
324
336
340
340
340
340
340
340
344
352
352
352
356
360
368
372
384
392
400
400
400
404
408
416
424
424
424
448
448
448
448
448
448
452
456
464
468
472
472
472
480
488
512
520
520
520
520
520
520
520
520
528
532
532
532
536
544
544
544
552
560
564
576
592
592
592
592
592
592
592
592
592
596
600
608
612
616
616
616
624
628
628
628
628
628
628
628
628
628
628
628
640
640
640
648
672
680
688
688
688
692
696
704
708
712
712
712
720
724
724
724
736
736
736
736
736
736
736
736
740
744
768
784
784
784
788
792
800
808
808
808
808
808
808
808
808
808
808
808
808
808
808
808
808
816
820
820
820
832
832
832
836
840
848
852
868
868
868
896
904
904
904
912
916
916
916
916
916
916
916
916
916
920
928
928
928
936
944
948
952
952
952
952
952
952
952
952
952
952
952
952
952
960
964
964
964
976
976
976
980
984
996
1024
1024
1024
1024
1024
1024
1024
1024
1024
1024
1024
1048
1048
1072
1072
1108
1108
1120
1120
1156
1156
1192
1192
1204
1204
1204
1204
1216
1216
1264
1264
1300
1300
1360
1360
1384
1384
1384
1384
1384
1384
1396
1396
1408
1408
1432
1432
1480
1480
1492
1492
1492
1492
1492
1492
1540
1576
1588
1600
1600
1600
1600
1600
1600
1600
1624
1636
1636
1636
1672
1672
1672
1672
1672
1672
1672
1672
1672
1672
1672
1684
1696
1732
1792
1816
1816
1816
1816
1840
1876
1888
1888
1888
1888
1888
1960
1960
1960
1972
2080
2116
2128
2152
2164
2176
2176
2176
2224
2248
2248
2248
2248
2248
2248
2248
2248
2248
2248
2260
2308
2368
2416
2440
2452
2464
2464
2464
2500
2500
2512
2536
2536
2536
2536
2560
2608
2608
2632
2728
2752
2752
2752
2752
2752
2752
2752
2752
2752
2752
2752
2752
2752
2752
2752
2752
2752
2752
2752
2836
2848
2884
2896
2896
2896
2896
2896
2896
2944
2968
2968
2968
2968
2968
2992
3076
3076
3076
3076
3076
3220
3220
3220
3220
3220
3256
3328
3328
3472
3508
3508
3544
3544
3616
3616
3616
3616
3616
3616
3688
3796
3904
3940
3940
3940
3976
4192
4192
4192
4192
4192
4192
4192
4264
4264
4264
4264
4336
4372
4372
4372
4372
4372
4372
4372
4372
4372
4372
4372
4372
4372
4372
4372
4372
4372
4372
4372
4372
4372
4372
4372
4372
4372
4372
4372
4372
4408
4480
4480
4804
4840
4912
4912
5128
5776
5812
5812
5812
5992
5992
6424
6964
7504
8080
8080
8080
8080
8584
8584
9232
9232
9232
9232
9232
9232
9232
9232
9232
9232
9232
9232
9232
9232
9232
9232
9232
9232
9232
9232
9232
9232
9232
9232
9232
9232
9232
9232
9232
9232
9232
9232
9232
9232
9232
9232
9232
9232
9232
9232
9232
9232
9232
9232
9232
9232
9232
9232
9232
9232
9232
9232
9232
9232
9232
9232
9232
9232
9232
9232
9232
9232
9232
9232
9232
9232
9232
9232
9232
9232
9232
9232
9232
9232
9232
9232
9232
9232
9232
9232
9232
9232
9232
9232
9232
9232
9232
9232
9232
9232
9232
9232
9232
9232
9232
9232
9232
9232
9232
9232
9232
9232
9232
9232
9232
9232
9232
9232
9232
9232
9232
9232
9232
9232
9232
9232
9232
9232
9232
9232
9232
9232
9232
9232
9232
9232
9232
9232
9232
9232
9232
9232
9232
9232
9232
9232
9232
9232
9232
9232
9232
9232
9232
9232
9232
9232
9232
9232
9232
9232
9232
9232
9232
9232
9232
9232
9232
9232
9232
9232
9232
9232
9232
9232
9232
9232
9232
9232
9232
9232
9232
9232
9232
9232
9232
9232
9232
9232
9232
9232
9232
9232
9232
9232
9232
9232
9232
9232
9232
9232
9232
9232
9232
9232
9232
9232
9232
9232
9232
9232
9232
9232
9232
9232
9232
9232
9232
9232
9232
9232
9232
9232
9232
9232
9232
9232
9232
9232
9232
9232
9232
9232
9232
9232
9232
9232
9232
9232
9232
9232
9232
9232
9232
9232
9232
9232
9232
9232
9232
9232
9232
9232
9232
9232
9232
9232
9232
9232
9232
9232
9232
9232
9232
9232
9232
9232
9232
9232
9232
9232
9232
9232
9232
9232
9232
9232
9232
9232
9232
9232
9232
9232
9232
9232
9232
9232
9232
9232
9232
9232
9232
9232
9232
9232
9232
9232
9232
9232
9232
9232
9232
9232
9232
9232
9232
9232
9232
9232
9232
9232
9232
9232
9232
9232
9232
9232
9232
9232
9232
9232
9232
9232
9232
9232
9232
9232
9232
9232
9232
9232
9232
9232
9232
9232
9232
9232
9232
9232
9232
9232
9232
9232
9232
9232
9232
9232
9232
9232
9232
9232
9232
9232
9232
9232
9232
9232
9232
9232
9232
9232
9232
9232
9232
9556
9880
10024
10528
10528
11176
11392
12148
13120
13120
13120
13120
13120
13120
13120
14308
14308
14308
15064
15856
18952
21688
21688
21688
39364
39364
39364
39364
39364
39364
39364
39364
39364
41524
41524
190996
250504
250504
