0.0
0.0
0.0
0.13333333333333333
0.09523809523809523
0.10714285714285714
0.08333333333333333
0.2
0.23636363636363636
0.24242424242424243
0.20512820512820512
0.25274725274725274
0.23809523809523808
0.23333333333333334
0.20588235294117646
0.27450980392156865
0.3157894736842105
0.34210526315789475
0.3476190476190476
0.3722943722943723
0.36363636363636365
0.358695652173913
0.33
0.3630769230769231
0.37606837606837606
0.3783068783068783
0.3620689655172414
0.37701149425287356
0.3655913978494624
0.35685483870967744
0.3352272727272727
0.3689839572192513
0.3949579831932773
0.4158730158730159
0.4294294294294294
0.4480796586059744
0.45479082321187586
0.46153846153846156
0.4585365853658537
0.47502903600464574
0.48172757475083056
0.48414376321353064
0.47474747474747475
0.4821256038647343
0.4745605920444033
0.46808510638297873
0.4489795918367347
0.4661224489795918
0.4776470588235294
0.4856711915535445
0.4876632801161103
0.4954577218728162
0.4922558922558923
0.4896103896103896
0.4774436090225564
0.4882032667876588
0.4915254237288136
0.4903954802259887
0.4808743169398907
0.4849286092014807
0.4767025089605735
0.46924603174603174
0.4548076923076923
0.4699300699300699
0.4830393487109905
0.4947322212467076
0.5042625745950554
0.5151138716356107
0.5223340040241449
0.5293427230046949
0.5331050228310502
0.542761940022214
0.5491891891891892
0.5540350877192982
0.5546821599453179
0.5607725607725608
0.5615060045439793
0.5623417721518987
0.5583333333333333
0.5666967780788918
0.5724360858066412
0.5768789443488239
0.5778711484593837
0.5822161422708618
0.5811280406308473
0.5801985370950888
0.5732890704800817
0.5787765293383271
0.5802197802197803
0.5797897754419493
0.5738662926601216
0.5756119881034089
0.5702127659574469
0.5651315789473684
0.553479381443299
0.5613296865137808
0.5677179962894249
0.5731313131313132
0.5768316831683168
0.5820229081731703
