0.0
0.0
0.2
0.2
0.14285714285714285
0.25
0.25
0.2
0.3090909090909091
0.36363636363636365
0.38461538461538464
0.42857142857142855
0.42857142857142855
0.4
0.4264705882352941
0.4117647058823529
0.3684210526315789
0.41578947368421054
0.44285714285714284
0.45454545454545453
0.4782608695652174
0.4782608695652174
0.46
0.47384615384615386
0.46153846153846156
0.42857142857142855
0.4630541871921182
0.4896551724137931
0.5096774193548387
0.532258064516129
0.5454545454545454
0.5508021390374331
0.5663865546218487
0.5714285714285714
0.5675675675675675
0.5846372688477952
0.5951417004048583
0.6
0.6097560975609756
0.6097560975609756
0.6013289036544851
0.6067653276955602
0.6
0.5826086956521739
0.5948196114708603
0.601063829787234
0.6020408163265306
0.6081632653061224
0.6047058823529412
0.5927601809954751
0.5950653120464441
0.5849056603773585
0.5636363636363636
0.5772727272727273
0.5883458646616542
0.5970961887477314
0.6072472238457043
0.6135593220338983
0.6163934426229508
0.6240084611316764
0.6267281105990783
0.625
0.6336538461538461
0.6391608391608392
0.6417910447761194
0.6470588235294118
0.6470588235294118
0.6422360248447205
0.6450704225352113
0.6408450704225352
0.6301369863013698
0.6368011847463902
0.64
0.64
0.6431989063568011
0.6403596403596403
0.631937682570594
0.6325949367088608
0.625
0.6097560975609756
0.6185718483690861
0.6265060240963856
0.6336134453781512
0.6410396716826265
0.6471531676022454
0.6520376175548589
0.6583248212461695
0.6629213483146067
0.6659340659340659
0.6722408026755853
0.6774193548387096
0.6815374056280027
0.6864501679731243
0.6894736842105263
0.6907216494845361
0.6945087313275826
0.6957328385899815
0.6945454545454546
0.6994059405940594
0.7029702970297029
