0.0
0.16666666666666666
0.1
0.26666666666666666
0.2857142857142857
0.32142857142857145
0.25
0.35555555555555557
0.4
0.4393939393939394
0.4230769230769231
0.46153846153846156
0.45714285714285713
0.4583333333333333
0.40441176470588236
0.45751633986928103
0.49122807017543857
0.5210526315789473
0.5285714285714286
0.5541125541125541
0.5612648221343873
0.5688405797101449
0.55
0.5723076923076923
0.5811965811965812
0.58994708994709
0.5788177339901478
0.5885057471264368
0.5806451612903226
0.5745967741935484
0.5397727272727273
0.5632798573975044
0.5815126050420169
0.5984126984126984
0.6081081081081081
0.6230440967283073
0.631578947368421
0.6397435897435897
0.6378048780487805
0.6504065040650406
0.6578073089700996
0.6649048625792812
0.6636363636363637
0.6705314009661836
0.669750231267345
0.6693262411347518
0.6556122448979592
0.6661224489795918
0.6729411764705883
0.6794871794871795
0.6799709724238027
0.6862334032145353
0.6868686868686869
0.6876623376623376
0.6785714285714286
0.6848154869933454
0.6861484511981297
0.6875706214689266
0.680327868852459
0.6821787414066631
0.6758832565284179
0.6701388888888888
0.6495192307692308
0.6592074592074592
0.6675712347354138
0.6755926251097454
0.6815856777493606
0.6890269151138716
0.6945674044265594
0.6999217527386542
0.702054794520548
0.7086264346538319
0.7135135135135136
0.7182456140350877
0.7200956937799043
0.7246087246087246
0.7263875365141188
0.7281645569620253
0.725
0.7305028605841614
0.7346459006758742
0.7386689615605279
0.7403361344537815
0.7441860465116279
0.7457898957497995
0.7473876698014629
0.7448927477017364
0.7485642946317104
0.7501831501831502
0.7517916865742953
0.7496493688639552
0.7513154884465797
0.7493840985442329
0.7475877192982456
0.7390463917525774
0.7435304018514622
0.7470624613481757
0.7505050505050505
0.7522772277227723
0.7555814404969908
