0.0
0.0
0.0
0.0
0.19047619047619047
0.25
0.25
0.2222222222222222
0.18181818181818182
0.2727272727272727
0.3076923076923077
0.3076923076923077
0.2857142857142857
0.25
0.3088235294117647
0.3333333333333333
0.3333333333333333
0.3157894736842105
0.2857142857142857
0.329004329004329
0.34782608695652173
0.34782608695652173
0.3333333333333333
0.3076923076923077
0.35327635327635326
0.3888888888888889
0.41625615763546797
0.4367816091954023
0.45161290322580644
0.4778225806451613
0.4943181818181818
0.5026737967914439
0.5042016806722689
0.5
0.5180180180180181
0.5263157894736842
0.5263157894736842
0.5192307692307693
0.5060975609756098
0.5203252032520326
0.5249169435215947
0.5211416490486258
0.51010101010101
0.4927536231884058
0.5050878815911193
0.5079787234042553
0.5025510204081632
0.4897959183673469
0.47058823529411764
0.48868778280542985
0.5036284470246735
0.5157232704402516
0.5252525252525253
0.5324675324675324
0.5451127819548872
0.5535390199637024
0.5581531268264173
0.559322033898305
0.5573770491803278
0.5668958223162348
0.5714285714285714
0.5714285714285714
0.5673076923076923
0.5594405594405595
0.5671641791044776
0.5693590869183495
0.5664961636828645
0.5590062111801242
0.5472837022132797
0.5539906103286385
0.5547945205479452
0.5501666049611255
0.5405405405405406
0.5263157894736842
0.5372522214627478
0.5464535464535465
0.5540408958130477
0.560126582278481
0.5648148148148148
0.5730201746461909
0.5786071113723186
0.5817555938037866
0.5826330532212886
0.5813953488372093
0.5878107457898958
0.5909090909090909
0.5909090909090909
0.5880149812734082
0.5824175824175825
0.5876731963688485
0.5890603085553997
0.5868222374742622
0.5811870100783875
0.5723684210526315
0.5768900343642611
0.5771091941931412
0.5732838589981447
0.5656565656565656
0.5544554455445545
0.5622209279751504
