0.11997670355270822
0.046398757522811106
0.024267132595612504
0.013201320132013201
0.04678703164434091
0.014754416618132402
0.021549213744903904
0.011259949524364201
0.0801786060959037
0.013977868375072802
0.021355076684139003
0.014366142496602601
0.040574645699864104
0.013201320132013201
0.0217433508056688
0.0128130460104834
0.1267715006794797
0.013201320132013201
0.0221316249271986
0.013589594253543
0.04038050863909921
0.011648223645894
0.019801980198019802
0.013977868375072802
0.08134342846049311
0.010483401281304601
0.0205785284410794
0.011259949524364201
0.046010483401281305
0.015142690739662202
0.0221316249271986
0.015142690739662202
