0.24189477771306542
0.0479518540089303
0.0017472335468841002
0.009318578916715201
0.0019413706076490001
0.0011648223645894002
0.007571345369831101
0.0244612696563774
0.0031061929722384003
0.019996117258784703
0.0062123859444768005
0.0023296447291788003
0.0054358377014172
0.0027179188507086
0.020966802562609202
0.016307513104251603
0.0027179188507086
0.0042710153368278
0.029508833236264805
0.0042710153368278
0.0033003300330033004
0.07726655018443021
0.0042710153368278
0.0015530964861192001
0.011648223645894
0.0011648223645894002
0.0034944670937682005
0.03940982333527471
0.040768782760629
0.0054358377014172
0.0033003300330033004
0.0019413706076490001
0.0023296447291788003
0.006018248883711901
0.0027179188507086
0.0221316249271986
0.0516404581634634
0.0011648223645894002
0.0019413706076490001
0.0062123859444768005
0.0013589594253543
0.0019413706076490001
0.07183071248301301
0.004659289458357601
0.0015530964861192001
0.0411570568821588
0.004659289458357601
0.0017472335468841002
0.012618908949718502
0.017472335468841003
0.0034944670937682005
0.006600660066006601
0.0027179188507086
0.0034944670937682005
0.0231023102310231
0.006600660066006601
0.0231023102310231
0.0170840613473112
0.0011648223645894002
0.0023296447291788003
0.005047563579887401
0.0023296447291788003
0.0023296447291788003
