0.037662589788390606
0.0421277421859833
0.0110658124635993
0.0042710153368278
0.023684721413317802
0.0062123859444768005
0.0122306348281887
0.0062123859444768005
0.041933605125218404
0.007377208309066201
0.009318578916715201
0.006988934187536401
0.0221316249271986
0.006988934187536401
0.009706853038245
0.005824111822947
0.06445350417394681
0.0062123859444768005
0.009706853038245
0.007377208309066201
0.0196078431372549
0.005824111822947
0.0089303047951854
0.007377208309066201
0.043292564550572704
0.0042710153368278
0.012424771888953601
0.005047563579887401
0.0217433508056688
0.005824111822947
0.011259949524364201
0.006600660066006601
0.0823141137643176
0.0042710153368278
0.013201320132013201
0.0089303047951854
0.0231023102310231
0.0085420306736556
0.009318578916715201
0.005047563579887401
0.038245000970685304
0.006600660066006601
0.012036497767423802
0.007377208309066201
0.018443020772665502
0.0062123859444768005
0.012036497767423802
0.006988934187536401
0.06231799650553291
0.006988934187536401
0.012424771888953601
0.0062123859444768005
0.0207726655018443
0.005824111822947
0.0108716754028344
0.006600660066006601
0.03805086390992041
0.0062123859444768005
0.008153756552125802
0.0062123859444768005
0.024267132595612504
0.009318578916715201
0.0108716754028344
0.0085420306736556
