0.39429237041351195
0.0871675402834401
0.028732284993205202
0.020966802562609202
0.0244612696563774
0.013395457192778102
0.0165016501650165
0.017666472529605903
0.0128130460104834
0.0165016501650165
0.022325761987963502
0.018637157833430402
0.0128130460104834
0.016113376043486703
0.0192195690157251
0.016307513104251603
0.011454086585129102
0.0170840613473112
0.013589594253543
0.013783731314307901
0.014948553678897301
0.018443020772665502
0.0157251019219569
0.010677538342069502
0.0192195690157251
0.0141720054358377
0.009512715977480102
0.028149873810910504
0.0205785284410794
0.025043680838672103
0.0297029702970297
