0.7555814404969908
0.7029702970297029
0.5820229081731703
0.5622209279751504
0.5562026790914385
0.539895165987187
0.40827023878858476
0.4467093768200349
0.43564356435643564
0.41758881770529993
0.42651912250048535
0.4199184624344787
0.4335080566880217
0.41758881770529993
0.24674820423218793
0.39603960396039606
0.35624150650359154
0.4222481071636575
0.3306154144826247
0.39099204038050867
0.32983886623956515
0.42050087361677346
0.30052417006406523
0.190254319549602
0.3333333333333333
0.20617355853232383
0.33139196272568433
0.4117647058823529
0.32440302853814795
0.39429237041351195
0.11997670355270822
0.30168899242865466
0.316443409046787
0.3269268103280916
0.2702387885847408
0.37041351193942923
0.3306154144826247
0.316443409046787
0.22306348281887012
0.38788584740827026
0.31217239370995925
0.3791496796738497
0.25063094544748593
0.27237429625315474
0.33313919627256844
0.32673267326732675
0.18190642593671133
0.15492137449039023
0.1510386332750922
0.28693457581052223
0.2531547272374296
0.26557949912638323
0.1661813240147544
0.2403416812269462
0.2281110463987575
0.3051834595224228
0.33682780042710153
0.30576587070471756
0.24247718889536013
0.31450203843913804
0.34886429819452536
0.24189477771306542
0.037662589788390606
0.2570374684527276
0.23645894001164822
0.32673267326732675
0.24694234129295284
0.3110075713453698
0.25820229081731705
0.32323820617355853
0.18811881188118812
0.31799650553290626
0.29780625121335663
0.14948553678897303
0.25101921956901574
0.23568239176858863
0.2531547272374296
0.28829353523587653
0.13550766841390022
0.05765870704717531
0.3082896524946612
0.25684333139196275
0.23548825470782372
0.23393515822170452
0.29644729178800233
0.33721607454863134
0.17899437002523783
0.19219569015725102
0.2133566297806251
0.23587652882935353
0.25334886429819453
0.29780625121335663
0.2681032809163269
0.25063094544748593
0.0883323626480295
0.07338380896913221
0.13046010483401282
0.19219569015725102
0.11725878470199962
0.0
