0 0 0 
-1 -1 0 
1 -1 0 
-2 -2 0 
0 -2 16753920 
2 -2 0 
-3 -3 0 
-1 -3 10145074 
1 -3 10145074 
3 -3 0 
-4 -4 0 
-2 -4 65280 
0 -4 10494192 
2 -4 65280 
4 -4 0 
-5 -5 0 
-3 -5 11393254 
-1 -5 16776960 
1 -5 16776960 
3 -5 11393254 
5 -5 0 
-6 -6 0 
-4 -6 10494192 
-2 -6 11393254 
0 -6 16776960 
2 -6 11393254 
4 -6 10494192 
6 -6 0 
-7 -7 0 
-5 -7 16711680 
-3 -7 0 
-1 -7 11393254 
1 -7 11393254 
3 -7 0 
5 -7 16711680 
7 -7 0 
-8 -8 0 
-6 -8 10824234 
-4 -8 10824234 
-2 -8 10494192 
0 -8 16776960 
2 -8 10494192 
4 -8 10824234 
6 -8 10824234 
8 -8 0 
-9 -9 0 
-7 -9 255 
-5 -9 10494192 
-3 -9 65280 
-1 -9 10494192 
1 -9 10494192 
3 -9 65280 
5 -9 10494192 
7 -9 255 
9 -9 0 
-10 -10 0 
-8 -10 16776960 
-6 -10 11393254 
-4 -10 16776960 
-2 -10 16776960 
0 -10 16753920 
2 -10 16776960 
4 -10 16776960 
6 -10 11393254 
8 -10 16776960 
10 -10 0 
-11 -11 0 
-9 -11 0 
-7 -11 11393254 
-5 -11 11393254 
-3 -11 16776960 
-1 -11 16753920 
1 -11 16753920 
3 -11 16776960 
5 -11 11393254 
7 -11 11393254 
9 -11 0 
11 -11 0 
-12 -12 0 
-10 -12 16753920 
-8 -12 10494192 
-6 -12 16776960 
-4 -12 11393254 
-2 -12 16753920 
0 -12 65280 
2 -12 16753920 
4 -12 11393254 
6 -12 16776960 
8 -12 10494192 
10 -12 16753920 
12 -12 0 
-13 -13 0 
-11 -13 10145074 
-9 -13 10824234 
-7 -13 10494192 
-5 -13 11393254 
-3 -13 16711680 
-1 -13 10494192 
1 -13 10494192 
3 -13 16711680 
5 -13 11393254 
7 -13 10494192 
9 -13 10824234 
11 -13 10145074 
13 -13 0 
-14 -14 0 
-12 -14 65280 
-10 -14 0 
-8 -14 65280 
-6 -14 0 
-4 -14 16753920 
-2 -14 10145074 
0 -14 16753920 
2 -14 10145074 
4 -14 16753920 
6 -14 0 
8 -14 65280 
10 -14 0 
12 -14 65280 
14 -14 0 
-15 -15 0 
-13 -15 11393254 
-11 -15 11393254 
-9 -15 11393254 
-7 -15 11393254 
-5 -15 10145074 
-3 -15 11393254 
-1 -15 11393254 
1 -15 11393254 
3 -15 11393254 
5 -15 10145074 
7 -15 11393254 
9 -15 11393254 
11 -15 11393254 
13 -15 11393254 
15 -15 0 
-16 -16 0 
-14 -16 10494192 
-12 -16 16776960 
-10 -16 16776960 
-8 -16 16776960 
-6 -16 10824234 
-4 -16 10824234 
-2 -16 16776960 
0 -16 16776960 
2 -16 16776960 
4 -16 10824234 
6 -16 10824234 
8 -16 16776960 
10 -16 16776960 
12 -16 16776960 
14 -16 10494192 
16 -16 0 
-17 -17 0 
-15 -17 16711680 
-13 -17 10494192 
-11 -17 16776960 
-9 -17 16776960 
-7 -17 10824234 
-5 -17 10494192 
-3 -17 10824234 
-1 -17 16776960 
1 -17 16776960 
3 -17 10824234 
5 -17 10494192 
7 -17 10824234 
9 -17 16776960 
11 -17 16776960 
13 -17 10494192 
15 -17 16711680 
17 -17 0 
-18 -18 0 
-16 -18 10824234 
-14 -18 10145074 
-12 -18 10494192 
-10 -18 16776960 
-8 -18 10824234 
-6 -18 65280 
-4 -18 65280 
-2 -18 10824234 
0 -18 16776960 
2 -18 10824234 
4 -18 65280 
6 -18 65280 
8 -18 10824234 
10 -18 16776960 
12 -18 10494192 
14 -18 10145074 
16 -18 10824234 
18 -18 0 
-19 -19 0 
-17 -19 255 
-15 -19 0 
-13 -19 255 
-11 -19 10494192 
-9 -19 10824234 
-7 -19 16753920 
-5 -19 10824234 
-3 -19 16753920 
-1 -19 10824234 
1 -19 10824234 
3 -19 16753920 
5 -19 10824234 
7 -19 16753920 
9 -19 10824234 
11 -19 10494192 
13 -19 255 
15 -19 0 
17 -19 255 
19 -19 0 
-20 -20 0 
-18 -20 16776960 
-16 -20 16776960 
-14 -20 16776960 
-12 -20 11393254 
-10 -20 65280 
-8 -20 16776960 
-6 -20 16776960 
-4 -20 16776960 
-2 -20 16776960 
0 -20 10494192 
2 -20 16776960 
4 -20 16776960 
6 -20 16776960 
8 -20 16776960 
10 -20 65280 
12 -20 11393254 
14 -20 16776960 
16 -20 16776960 
18 -20 16776960 
20 -20 0 
-21 -21 0 
-19 -21 0 
-17 -21 16776960 
-15 -21 16776960 
-13 -21 11393254 
-11 -21 255 
-9 -21 65280 
-7 -21 16776960 
-5 -21 16776960 
-3 -21 16776960 
-1 -21 10494192 
1 -21 10494192 
3 -21 16776960 
5 -21 16776960 
7 -21 16776960 
9 -21 65280 
11 -21 255 
13 -21 11393254 
15 -21 16776960 
17 -21 16776960 
19 -21 0 
21 -21 0 
-22 -22 0 
-20 -22 16753920 
-18 -22 0 
-16 -22 16776960 
-14 -22 11393254 
-12 -22 65280 
-10 -22 10145074 
-8 -22 65280 
-6 -22 16776960 
-4 -22 16776960 
-2 -22 10494192 
0 -22 16753920 
2 -22 10494192 
4 -22 16776960 
6 -22 16776960 
8 -22 65280 
10 -22 10145074 
12 -22 65280 
14 -22 11393254 
16 -22 16776960 
18 -22 0 
20 -22 16753920 
22 -22 0 
-23 -23 0 
-21 -23 10145074 
-19 -23 10145074 
-17 -23 0 
-15 -23 11393254 
-13 -23 255 
-11 -23 16711680 
-9 -23 16711680 
-7 -23 65280 
-5 -23 16776960 
-3 -23 10494192 
-1 -23 10824234 
1 -23 10824234 
3 -23 10494192 
5 -23 16776960 
7 -23 65280 
9 -23 16711680 
11 -23 16711680 
13 -23 255 
15 -23 11393254 
17 -23 0 
19 -23 10145074 
21 -23 10145074 
23 -23 0 
-24 -24 0 
-22 -24 65280 
-20 -24 10494192 
-18 -24 65280 
-16 -24 10494192 
-14 -24 65280 
-12 -24 10494192 
-10 -24 65280 
-8 -24 0 
-6 -24 65280 
-4 -24 10494192 
-2 -24 65280 
0 -24 10494192 
2 -24 65280 
4 -24 10494192 
6 -24 65280 
8 -24 0 
10 -24 65280 
12 -24 10494192 
14 -24 65280 
16 -24 10494192 
18 -24 65280 
20 -24 10494192 
22 -24 65280 
24 -24 0 
-25 -25 0 
-23 -25 11393254 
-21 -25 16776960 
-19 -25 16776960 
-17 -25 16776960 
-15 -25 16776960 
-13 -25 16776960 
-11 -25 16776960 
-9 -25 11393254 
-7 -25 11393254 
-5 -25 16776960 
-3 -25 16776960 
-1 -25 16776960 
1 -25 16776960 
3 -25 16776960 
5 -25 16776960 
7 -25 11393254 
9 -25 11393254 
11 -25 16776960 
13 -25 16776960 
15 -25 16776960 
17 -25 16776960 
19 -25 16776960 
21 -25 16776960 
23 -25 11393254 
25 -25 0 
-26 -26 0 
-24 -26 10494192 
-22 -26 11393254 
-20 -26 16776960 
-18 -26 16776960 
-16 -26 16776960 
-14 -26 16776960 
-12 -26 16776960 
-10 -26 11393254 
-8 -26 16776960 
-6 -26 11393254 
-4 -26 16776960 
-2 -26 16776960 
0 -26 16776960 
2 -26 16776960 
4 -26 16776960 
6 -26 11393254 
8 -26 16776960 
10 -26 11393254 
12 -26 16776960 
14 -26 16776960 
16 -26 16776960 
18 -26 16776960 
20 -26 16776960 
22 -26 11393254 
24 -26 10494192 
26 -26 0 
-27 -27 0 
-25 -27 16711680 
-23 -27 0 
-21 -27 11393254 
-19 -27 16776960 
-17 -27 16776960 
-15 -27 16776960 
-13 -27 16776960 
-11 -27 11393254 
-9 -27 11393254 
-7 -27 11393254 
-5 -27 11393254 
-3 -27 16776960 
-1 -27 16776960 
1 -27 16776960 
3 -27 16776960 
5 -27 11393254 
7 -27 11393254 
9 -27 11393254 
11 -27 11393254 
13 -27 16776960 
15 -27 16776960 
17 -27 16776960 
19 -27 16776960 
21 -27 11393254 
23 -27 0 
25 -27 16711680 
27 -27 0 
-28 -28 0 
-26 -28 10824234 
-24 -28 10824234 
-22 -28 10494192 
-20 -28 11393254 
-18 -28 16776960 
-16 -28 16776960 
-14 -28 16776960 
-12 -28 11393254 
-10 -28 16776960 
-8 -28 16776960 
-6 -28 16776960 
-4 -28 11393254 
-2 -28 16776960 
0 -28 16776960 
2 -28 16776960 
4 -28 11393254 
6 -28 16776960 
8 -28 16776960 
10 -28 16776960 
12 -28 11393254 
14 -28 16776960 
16 -28 16776960 
18 -28 16776960 
20 -28 11393254 
22 -28 10494192 
24 -28 10824234 
26 -28 10824234 
28 -28 0 
-29 -29 0 
-27 -29 255 
-25 -29 10494192 
-23 -29 65280 
-21 -29 0 
-19 -29 11393254 
-17 -29 16776960 
-15 -29 16776960 
-13 -29 11393254 
-11 -29 11393254 
-9 -29 16776960 
-7 -29 16776960 
-5 -29 11393254 
-3 -29 11393254 
-1 -29 16776960 
1 -29 16776960 
3 -29 11393254 
5 -29 11393254 
7 -29 16776960 
9 -29 16776960 
11 -29 11393254 
13 -29 11393254 
15 -29 16776960 
17 -29 16776960 
19 -29 11393254 
21 -29 0 
23 -29 65280 
25 -29 10494192 
27 -29 255 
29 -29 0 
-30 -30 0 
-28 -30 16776960 
-26 -30 11393254 
-24 -30 16776960 
-22 -30 11393254 
-20 -30 10494192 
-18 -30 11393254 
-16 -30 16776960 
-14 -30 11393254 
-12 -30 16776960 
-10 -30 11393254 
-8 -30 16776960 
-6 -30 11393254 
-4 -30 16776960 
-2 -30 11393254 
0 -30 16776960 
2 -30 11393254 
4 -30 16776960 
6 -30 11393254 
8 -30 16776960 
10 -30 11393254 
12 -30 16776960 
14 -30 11393254 
16 -30 16776960 
18 -30 11393254 
20 -30 10494192 
22 -30 11393254 
24 -30 16776960 
26 -30 11393254 
28 -30 16776960 
30 -30 0 
-31 -31 0 
-29 -31 0 
-27 -31 11393254 
-25 -31 11393254 
-23 -31 11393254 
-21 -31 0 
-19 -31 0 
-17 -31 11393254 
-15 -31 11393254 
-13 -31 11393254 
-11 -31 11393254 
-9 -31 11393254 
-7 -31 11393254 
-5 -31 11393254 
-3 -31 11393254 
-1 -31 11393254 
1 -31 11393254 
3 -31 11393254 
5 -31 11393254 
7 -31 11393254 
9 -31 11393254 
11 -31 11393254 
13 -31 11393254 
15 -31 11393254 
17 -31 11393254 
19 -31 0 
21 -31 0 
23 -31 11393254 
25 -31 11393254 
27 -31 11393254 
29 -31 0 
31 -31 0 
-32 -32 0 
-30 -32 16753920 
-28 -32 10494192 
-26 -32 16776960 
-24 -32 16776960 
-22 -32 10494192 
-20 -32 16753920 
-18 -32 10494192 
-16 -32 16776960 
-14 -32 16776960 
-12 -32 16776960 
-10 -32 16776960 
-8 -32 16776960 
-6 -32 16776960 
-4 -32 16776960 
-2 -32 16776960 
0 -32 16776960 
2 -32 16776960 
4 -32 16776960 
6 -32 16776960 
8 -32 16776960 
10 -32 16776960 
12 -32 16776960 
14 -32 16776960 
16 -32 16776960 
18 -32 10494192 
20 -32 16753920 
22 -32 10494192 
24 -32 16776960 
26 -32 16776960 
28 -32 10494192 
30 -32 16753920 
32 -32 0 
-33 -33 0 
-31 -33 10145074 
-29 -33 10824234 
-27 -33 10494192 
-25 -33 16776960 
-23 -33 10494192 
-21 -33 10824234 
-19 -33 10824234 
-17 -33 10494192 
-15 -33 16776960 
-13 -33 16776960 
-11 -33 16776960 
-9 -33 16776960 
-7 -33 16776960 
-5 -33 16776960 
-3 -33 16776960 
-1 -33 16776960 
1 -33 16776960 
3 -33 16776960 
5 -33 16776960 
7 -33 16776960 
9 -33 16776960 
11 -33 16776960 
13 -33 16776960 
15 -33 16776960 
17 -33 10494192 
19 -33 10824234 
21 -33 10824234 
23 -33 10494192 
25 -33 16776960 
27 -33 10494192 
29 -33 10824234 
31 -33 10145074 
33 -33 0 
-34 -34 0 
-32 -34 65280 
-30 -34 0 
-28 -34 65280 
-26 -34 10494192 
-24 -34 10494192 
-22 -34 65280 
-20 -34 10494192 
-18 -34 65280 
-16 -34 10494192 
-14 -34 16776960 
-12 -34 16776960 
-10 -34 16776960 
-8 -34 16776960 
-6 -34 16776960 
-4 -34 16776960 
-2 -34 16776960 
0 -34 16776960 
2 -34 16776960 
4 -34 16776960 
6 -34 16776960 
8 -34 16776960 
10 -34 16776960 
12 -34 16776960 
14 -34 16776960 
16 -34 10494192 
18 -34 65280 
20 -34 10494192 
22 -34 65280 
24 -34 10494192 
26 -34 10494192 
28 -34 65280 
30 -34 0 
32 -34 65280 
34 -34 0 
-35 -35 0 
-33 -35 11393254 
-31 -35 11393254 
-29 -35 11393254 
-27 -35 16776960 
-25 -35 16753920 
-23 -35 16776960 
-21 -35 16776960 
-19 -35 16776960 
-17 -35 16776960 
-15 -35 10494192 
-13 -35 16776960 
-11 -35 16776960 
-9 -35 16776960 
-7 -35 16776960 
-5 -35 16776960 
-3 -35 16776960 
-1 -35 16776960 
1 -35 16776960 
3 -35 16776960 
5 -35 16776960 
7 -35 16776960 
9 -35 16776960 
11 -35 16776960 
13 -35 16776960 
15 -35 10494192 
17 -35 16776960 
19 -35 16776960 
21 -35 16776960 
23 -35 16776960 
25 -35 16753920 
27 -35 16776960 
29 -35 11393254 
31 -35 11393254 
33 -35 11393254 
35 -35 0 
-36 -36 0 
-34 -36 10494192 
-32 -36 16776960 
-30 -36 16776960 
-28 -36 11393254 
-26 -36 16753920 
-24 -36 16753920 
-22 -36 16776960 
-20 -36 16776960 
-18 -36 16776960 
-16 -36 10494192 
-14 -36 10494192 
-12 -36 16776960 
-10 -36 16776960 
-8 -36 16776960 
-6 -36 16776960 
-4 -36 16776960 
-2 -36 16776960 
0 -36 16776960 
2 -36 16776960 
4 -36 16776960 
6 -36 16776960 
8 -36 16776960 
10 -36 16776960 
12 -36 16776960 
14 -36 10494192 
16 -36 10494192 
18 -36 16776960 
20 -36 16776960 
22 -36 16776960 
24 -36 16753920 
26 -36 16753920 
28 -36 11393254 
30 -36 16776960 
32 -36 16776960 
34 -36 10494192 
36 -36 0 
-37 -37 0 
-35 -37 16711680 
-33 -37 10494192 
-31 -37 16776960 
-29 -37 11393254 
-27 -37 16711680 
-25 -37 65280 
-23 -37 16753920 
-21 -37 16776960 
-19 -37 16776960 
-17 -37 10494192 
-15 -37 16753920 
-13 -37 10494192 
-11 -37 16776960 
-9 -37 16776960 
-7 -37 16776960 
-5 -37 16776960 
-3 -37 16776960 
-1 -37 16776960 
1 -37 16776960 
3 -37 16776960 
5 -37 16776960 
7 -37 16776960 
9 -37 16776960 
11 -37 16776960 
13 -37 10494192 
15 -37 16753920 
17 -37 10494192 
19 -37 16776960 
21 -37 16776960 
23 -37 16753920 
25 -37 65280 
27 -37 16711680 
29 -37 11393254 
31 -37 16776960 
33 -37 10494192 
35 -37 16711680 
37 -37 0 
-38 -38 0 
-36 -38 10824234 
-34 -38 10145074 
-32 -38 10494192 
-30 -38 11393254 
-28 -38 16753920 
-26 -38 0 
-24 -38 10494192 
-22 -38 16753920 
-20 -38 16776960 
-18 -38 10494192 
-16 -38 10824234 
-14 -38 10824234 
-12 -38 10494192 
-10 -38 16776960 
-8 -38 16776960 
-6 -38 16776960 
-4 -38 16776960 
-2 -38 16776960 
0 -38 16776960 
2 -38 16776960 
4 -38 16776960 
6 -38 16776960 
8 -38 16776960 
10 -38 16776960 
12 -38 10494192 
14 -38 10824234 
16 -38 10824234 
18 -38 10494192 
20 -38 16776960 
22 -38 16753920 
24 -38 10494192 
26 -38 0 
28 -38 16753920 
30 -38 11393254 
32 -38 10494192 
34 -38 10145074 
36 -38 10824234 
38 -38 0 
-39 -39 0 
-37 -39 255 
-35 -39 0 
-33 -39 255 
-31 -39 0 
-29 -39 16711680 
-27 -39 10145074 
-25 -39 16711680 
-23 -39 10824234 
-21 -39 16753920 
-19 -39 10494192 
-17 -39 65280 
-15 -39 10494192 
-13 -39 65280 
-11 -39 10494192 
-9 -39 16776960 
-7 -39 16776960 
-5 -39 16776960 
-3 -39 16776960 
-1 -39 16776960 
1 -39 16776960 
3 -39 16776960 
5 -39 16776960 
7 -39 16776960 
9 -39 16776960 
11 -39 10494192 
13 -39 65280 
15 -39 10494192 
17 -39 65280 
19 -39 10494192 
21 -39 16753920 
23 -39 10824234 
25 -39 16711680 
27 -39 10145074 
29 -39 16711680 
31 -39 0 
33 -39 255 
35 -39 0 
37 -39 255 
39 -39 0 
-40 -40 0 
-38 -40 16776960 
-36 -40 16776960 
-34 -40 16776960 
-32 -40 16776960 
-30 -40 10824234 
-28 -40 16776960 
-26 -40 16776960 
-24 -40 11393254 
-22 -40 16776960 
-20 -40 10824234 
-18 -40 16776960 
-16 -40 16776960 
-14 -40 16776960 
-12 -40 16776960 
-10 -40 10494192 
-8 -40 16776960 
-6 -40 16776960 
-4 -40 16776960 
-2 -40 16776960 
0 -40 16776960 
2 -40 16776960 
4 -40 16776960 
6 -40 16776960 
8 -40 16776960 
10 -40 10494192 
12 -40 16776960 
14 -40 16776960 
16 -40 16776960 
18 -40 16776960 
20 -40 10824234 
22 -40 16776960 
24 -40 11393254 
26 -40 16776960 
28 -40 16776960 
30 -40 10824234 
32 -40 16776960 
34 -40 16776960 
36 -40 16776960 
38 -40 16776960 
40 -40 0 
-41 -41 0 
-39 -41 0 
-37 -41 16776960 
-35 -41 16776960 
-33 -41 16776960 
-31 -41 10824234 
-29 -41 10824234 
-27 -41 16776960 
-25 -41 11393254 
-23 -41 11393254 
-21 -41 10824234 
-19 -41 10824234 
-17 -41 16776960 
-15 -41 16776960 
-13 -41 16776960 
-11 -41 10494192 
-9 -41 10494192 
-7 -41 16776960 
-5 -41 16776960 
-3 -41 16776960 
-1 -41 16776960 
1 -41 16776960 
3 -41 16776960 
5 -41 16776960 
7 -41 16776960 
9 -41 10494192 
11 -41 10494192 
13 -41 16776960 
15 -41 16776960 
17 -41 16776960 
19 -41 10824234 
21 -41 10824234 
23 -41 11393254 
25 -41 11393254 
27 -41 16776960 
29 -41 10824234 
31 -41 10824234 
33 -41 16776960 
35 -41 16776960 
37 -41 16776960 
39 -41 0 
41 -41 0 
-42 -42 0 
-40 -42 16753920 
-38 -42 0 
-36 -42 16776960 
-34 -42 16776960 
-32 -42 10824234 
-30 -42 10494192 
-28 -42 10824234 
-26 -42 11393254 
-24 -42 16776960 
-22 -42 10145074 
-20 -42 10494192 
-18 -42 10824234 
-16 -42 16776960 
-14 -42 16776960 
-12 -42 10494192 
-10 -42 16753920 
-8 -42 10494192 
-6 -42 16776960 
-4 -42 16776960 
-2 -42 16776960 
0 -42 16776960 
2 -42 16776960 
4 -42 16776960 
6 -42 16776960 
8 -42 10494192 
10 -42 16753920 
12 -42 10494192 
14 -42 16776960 
16 -42 16776960 
18 -42 10824234 
20 -42 10494192 
22 -42 10145074 
24 -42 16776960 
26 -42 11393254 
28 -42 10824234 
30 -42 10494192 
32 -42 10824234 
34 -42 16776960 
36 -42 16776960 
38 -42 0 
40 -42 16753920 
42 -42 0 
-43 -43 0 
-41 -43 10145074 
-39 -43 10145074 
-37 -43 0 
-35 -43 16776960 
-33 -43 10824234 
-31 -43 65280 
-29 -43 65280 
-27 -43 10145074 
-25 -43 11393254 
-23 -43 10145074 
-21 -43 255 
-19 -43 65280 
-17 -43 10824234 
-15 -43 16776960 
-13 -43 10494192 
-11 -43 10824234 
-9 -43 10824234 
-7 -43 10494192 
-5 -43 16776960 
-3 -43 16776960 
-1 -43 16776960 
1 -43 16776960 
3 -43 16776960 
5 -43 16776960 
7 -43 10494192 
9 -43 10824234 
11 -43 10824234 
13 -43 10494192 
15 -43 16776960 
17 -43 10824234 
19 -43 65280 
21 -43 255 
23 -43 10145074 
25 -43 11393254 
27 -43 10145074 
29 -43 65280 
31 -43 65280 
33 -43 10824234 
35 -43 16776960 
37 -43 0 
39 -43 10145074 
41 -43 10145074 
43 -43 0 
-44 -44 0 
-42 -44 65280 
-40 -44 10494192 
-38 -44 65280 
-36 -44 0 
-34 -44 10824234 
-32 -44 16753920 
-30 -44 10824234 
-28 -44 16711680 
-26 -44 10824234 
-24 -44 10824234 
-22 -44 16753920 
-20 -44 10145074 
-18 -44 16753920 
-16 -44 10824234 
-14 -44 10494192 
-12 -44 65280 
-10 -44 10494192 
-8 -44 65280 
-6 -44 10494192 
-4 -44 16776960 
-2 -44 16776960 
0 -44 16776960 
2 -44 16776960 
4 -44 16776960 
6 -44 10494192 
8 -44 65280 
10 -44 10494192 
12 -44 65280 
14 -44 10494192 
16 -44 10824234 
18 -44 16753920 
20 -44 10145074 
22 -44 16753920 
24 -44 10824234 
26 -44 10824234 
28 -44 16711680 
30 -44 10824234 
32 -44 16753920 
34 -44 10824234 
36 -44 0 
38 -44 65280 
40 -44 10494192 
42 -44 65280 
44 -44 0 
-45 -45 0 
-43 -45 11393254 
-41 -45 16776960 
-39 -45 16776960 
-37 -45 11393254 
-35 -45 255 
-33 -45 16776960 
-31 -45 16776960 
-29 -45 11393254 
-27 -45 11393254 
-25 -45 10494192 
-23 -45 16776960 
-21 -45 11393254 
-19 -45 11393254 
-17 -45 16776960 
-15 -45 65280 
-13 -45 16776960 
-11 -45 16776960 
-9 -45 16776960 
-7 -45 16776960 
-5 -45 10494192 
-3 -45 16776960 
-1 -45 16776960 
1 -45 16776960 
3 -45 16776960 
5 -45 10494192 
7 -45 16776960 
9 -45 16776960 
11 -45 16776960 
13 -45 16776960 
15 -45 65280 
17 -45 16776960 
19 -45 11393254 
21 -45 11393254 
23 -45 16776960 
25 -45 10494192 
27 -45 11393254 
29 -45 11393254 
31 -45 16776960 
33 -45 16776960 
35 -45 255 
37 -45 11393254 
39 -45 16776960 
41 -45 16776960 
43 -45 11393254 
45 -45 0 
-46 -46 0 
-44 -46 10494192 
-42 -46 11393254 
-40 -46 16776960 
-38 -46 11393254 
-36 -46 65280 
-34 -46 255 
-32 -46 16776960 
-30 -46 11393254 
-28 -46 16776960 
-26 -46 0 
-24 -46 10494192 
-22 -46 11393254 
-20 -46 16776960 
-18 -46 11393254 
-16 -46 65280 
-14 -46 65280 
-12 -46 16776960 
-10 -46 16776960 
-8 -46 16776960 
-6 -46 10494192 
-4 -46 10494192 
-2 -46 16776960 
0 -46 16776960 
2 -46 16776960 
4 -46 10494192 
6 -46 10494192 
8 -46 16776960 
10 -46 16776960 
12 -46 16776960 
14 -46 65280 
16 -46 65280 
18 -46 11393254 
20 -46 16776960 
22 -46 11393254 
24 -46 10494192 
26 -46 0 
28 -46 16776960 
30 -46 11393254 
32 -46 16776960 
34 -46 255 
36 -46 65280 
38 -46 11393254 
40 -46 16776960 
42 -46 11393254 
44 -46 10494192 
46 -46 0 
-47 -47 0 
-45 -47 16711680 
-43 -47 0 
-41 -47 11393254 
-39 -47 11393254 
-37 -47 255 
-35 -47 10145074 
-33 -47 255 
-31 -47 11393254 
-29 -47 11393254 
-27 -47 0 
-25 -47 16711680 
-23 -47 0 
-21 -47 11393254 
-19 -47 11393254 
-17 -47 255 
-15 -47 10824234 
-13 -47 65280 
-11 -47 16776960 
-9 -47 16776960 
-7 -47 10494192 
-5 -47 16753920 
-3 -47 10494192 
-1 -47 16776960 
1 -47 16776960 
3 -47 10494192 
5 -47 16753920 
7 -47 10494192 
9 -47 16776960 
11 -47 16776960 
13 -47 65280 
15 -47 10824234 
17 -47 255 
19 -47 11393254 
21 -47 11393254 
23 -47 0 
25 -47 16711680 
27 -47 0 
29 -47 11393254 
31 -47 11393254 
33 -47 255 
35 -47 10145074 
37 -47 255 
39 -47 11393254 
41 -47 11393254 
43 -47 0 
45 -47 16711680 
47 -47 0 
-48 -48 0 
-46 -48 10824234 
-44 -48 10824234 
-42 -48 10494192 
-40 -48 16776960 
-38 -48 65280 
-36 -48 16753920 
-34 -48 16753920 
-32 -48 65280 
-30 -48 16776960 
-28 -48 10494192 
-26 -48 10824234 
-24 -48 10824234 
-22 -48 10494192 
-20 -48 16776960 
-18 -48 65280 
-16 -48 16711680 
-14 -48 16753920 
-12 -48 65280 
-10 -48 16776960 
-8 -48 10494192 
-6 -48 10824234 
-4 -48 10824234 
-2 -48 10494192 
0 -48 16776960 
2 -48 10494192 
4 -48 10824234 
6 -48 10824234 
8 -48 10494192 
10 -48 16776960 
12 -48 65280 
14 -48 16753920 
16 -48 16711680 
18 -48 65280 
20 -48 16776960 
22 -48 10494192 
24 -48 10824234 
26 -48 10824234 
28 -48 10494192 
30 -48 16776960 
32 -48 65280 
34 -48 16753920 
36 -48 16753920 
38 -48 65280 
40 -48 16776960 
42 -48 10494192 
44 -48 10824234 
46 -48 10824234 
48 -48 0 
-49 -49 0 
-47 -49 255 
-45 -49 10494192 
-43 -49 65280 
-41 -49 10494192 
-39 -49 65280 
-37 -49 10494192 
-35 -49 65280 
-33 -49 10494192 
-31 -49 65280 
-29 -49 10494192 
-27 -49 65280 
-25 -49 10494192 
-23 -49 65280 
-21 -49 10494192 
-19 -49 65280 
-17 -49 0 
-15 -49 255 
-13 -49 10494192 
-11 -49 65280 
-9 -49 10494192 
-7 -49 65280 
-5 -49 10494192 
-3 -49 65280 
-1 -49 10494192 
1 -49 10494192 
3 -49 65280 
5 -49 10494192 
7 -49 65280 
9 -49 10494192 
11 -49 65280 
13 -49 10494192 
15 -49 255 
17 -49 0 
19 -49 65280 
21 -49 10494192 
23 -49 65280 
25 -49 10494192 
27 -49 65280 
29 -49 10494192 
31 -49 65280 
33 -49 10494192 
35 -49 65280 
37 -49 10494192 
39 -49 65280 
41 -49 10494192 
43 -49 65280 
45 -49 10494192 
47 -49 255 
49 -49 0 
-50 -50 0 
-48 -50 16776960 
-46 -50 11393254 
-44 -50 16776960 
-42 -50 16776960 
-40 -50 16776960 
-38 -50 16776960 
-36 -50 16776960 
-34 -50 16776960 
-32 -50 16776960 
-30 -50 16776960 
-28 -50 16776960 
-26 -50 16776960 
-24 -50 16776960 
-22 -50 16776960 
-20 -50 16776960 
-18 -50 11393254 
-16 -50 16776960 
-14 -50 11393254 
-12 -50 16776960 
-10 -50 16776960 
-8 -50 16776960 
-6 -50 16776960 
-4 -50 16776960 
-2 -50 16776960 
0 -50 16753920 
2 -50 16776960 
4 -50 16776960 
6 -50 16776960 
8 -50 16776960 
10 -50 16776960 
12 -50 16776960 
14 -50 11393254 
16 -50 16776960 
18 -50 11393254 
20 -50 16776960 
22 -50 16776960 
24 -50 16776960 
26 -50 16776960 
28 -50 16776960 
30 -50 16776960 
32 -50 16776960 
34 -50 16776960 
36 -50 16776960 
38 -50 16776960 
40 -50 16776960 
42 -50 16776960 
44 -50 16776960 
46 -50 11393254 
48 -50 16776960 
50 -50 0 
-51 -51 0 
-49 -51 0 
-47 -51 11393254 
-45 -51 11393254 
-43 -51 16776960 
-41 -51 16776960 
-39 -51 16776960 
-37 -51 16776960 
-35 -51 16776960 
-33 -51 16776960 
-31 -51 16776960 
-29 -51 16776960 
-27 -51 16776960 
-25 -51 16776960 
-23 -51 16776960 
-21 -51 16776960 
-19 -51 11393254 
-17 -51 11393254 
-15 -51 11393254 
-13 -51 11393254 
-11 -51 16776960 
-9 -51 16776960 
-7 -51 16776960 
-5 -51 16776960 
-3 -51 16776960 
-1 -51 16753920 
1 -51 16753920 
3 -51 16776960 
5 -51 16776960 
7 -51 16776960 
9 -51 16776960 
11 -51 16776960 
13 -51 11393254 
15 -51 11393254 
17 -51 11393254 
19 -51 11393254 
21 -51 16776960 
23 -51 16776960 
25 -51 16776960 
27 -51 16776960 
29 -51 16776960 
31 -51 16776960 
33 -51 16776960 
35 -51 16776960 
37 -51 16776960 
39 -51 16776960 
41 -51 16776960 
43 -51 16776960 
45 -51 11393254 
47 -51 11393254 
49 -51 0 
51 -51 0 
-52 -52 0 
-50 -52 16753920 
-48 -52 10494192 
-46 -52 16776960 
-44 -52 11393254 
-42 -52 16776960 
-40 -52 16776960 
-38 -52 16776960 
-36 -52 16776960 
-34 -52 16776960 
-32 -52 16776960 
-30 -52 16776960 
-28 -52 16776960 
-26 -52 16776960 
-24 -52 16776960 
-22 -52 16776960 
-20 -52 11393254 
-18 -52 16776960 
-16 -52 16776960 
-14 -52 16776960 
-12 -52 11393254 
-10 -52 16776960 
-8 -52 16776960 
-6 -52 16776960 
-4 -52 16776960 
-2 -52 16753920 
0 -52 65280 
2 -52 16753920 
4 -52 16776960 
6 -52 16776960 
8 -52 16776960 
10 -52 16776960 
12 -52 11393254 
14 -52 16776960 
16 -52 16776960 
18 -52 16776960 
20 -52 11393254 
22 -52 16776960 
24 -52 16776960 
26 -52 16776960 
28 -52 16776960 
30 -52 16776960 
32 -52 16776960 
34 -52 16776960 
36 -52 16776960 
38 -52 16776960 
40 -52 16776960 
42 -52 16776960 
44 -52 11393254 
46 -52 16776960 
48 -52 10494192 
50 -52 16753920 
52 -52 0 
-53 -53 0 
-51 -53 10145074 
-49 -53 10824234 
-47 -53 10494192 
-45 -53 11393254 
-43 -53 11393254 
-41 -53 16776960 
-39 -53 16776960 
-37 -53 16776960 
-35 -53 16776960 
-33 -53 16776960 
-31 -53 16776960 
-29 -53 16776960 
-27 -53 16776960 
-25 -53 16776960 
-23 -53 16776960 
-21 -53 11393254 
-19 -53 11393254 
-17 -53 16776960 
-15 -53 16776960 
-13 -53 11393254 
-11 -53 11393254 
-9 -53 16776960 
-7 -53 16776960 
-5 -53 16776960 
-3 -53 16753920 
-1 -53 10494192 
1 -53 10494192 
3 -53 16753920 
5 -53 16776960 
7 -53 16776960 
9 -53 16776960 
11 -53 11393254 
13 -53 11393254 
15 -53 16776960 
17 -53 16776960 
19 -53 11393254 
21 -53 11393254 
23 -53 16776960 
25 -53 16776960 
27 -53 16776960 
29 -53 16776960 
31 -53 16776960 
33 -53 16776960 
35 -53 16776960 
37 -53 16776960 
39 -53 16776960 
41 -53 16776960 
43 -53 11393254 
45 -53 11393254 
47 -53 10494192 
49 -53 10824234 
51 -53 10145074 
53 -53 0 
-54 -54 0 
-52 -54 65280 
-50 -54 0 
-48 -54 65280 
-46 -54 0 
-44 -54 16776960 
-42 -54 11393254 
-40 -54 16776960 
-38 -54 16776960 
-36 -54 16776960 
-34 -54 16776960 
-32 -54 16776960 
-30 -54 16776960 
-28 -54 16776960 
-26 -54 16776960 
-24 -54 16776960 
-22 -54 11393254 
-20 -54 16776960 
-18 -54 11393254 
-16 -54 16776960 
-14 -54 11393254 
-12 -54 16776960 
-10 -54 11393254 
-8 -54 16776960 
-6 -54 16776960 
-4 -54 16753920 
-2 -54 10824234 
0 -54 16753920 
2 -54 10824234 
4 -54 16753920 
6 -54 16776960 
8 -54 16776960 
10 -54 11393254 
12 -54 16776960 
14 -54 11393254 
16 -54 16776960 
18 -54 11393254 
20 -54 16776960 
22 -54 11393254 
24 -54 16776960 
26 -54 16776960 
28 -54 16776960 
30 -54 16776960 
32 -54 16776960 
34 -54 16776960 
36 -54 16776960 
38 -54 16776960 
40 -54 16776960 
42 -54 11393254 
44 -54 16776960 
46 -54 0 
48 -54 65280 
50 -54 0 
52 -54 65280 
54 -54 0 
-55 -55 0 
-53 -55 11393254 
-51 -55 11393254 
-49 -55 11393254 
-47 -55 11393254 
-45 -55 0 
-43 -55 11393254 
-41 -55 11393254 
-39 -55 16776960 
-37 -55 16776960 
-35 -55 16776960 
-33 -55 16776960 
-31 -55 16776960 
-29 -55 16776960 
-27 -55 16776960 
-25 -55 16776960 
-23 -55 11393254 
-21 -55 11393254 
-19 -55 11393254 
-17 -55 11393254 
-15 -55 11393254 
-13 -55 11393254 
-11 -55 11393254 
-9 -55 11393254 
-7 -55 16776960 
-5 -55 16753920 
-3 -55 16776960 
-1 -55 16776960 
1 -55 16776960 
3 -55 16776960 
5 -55 16753920 
7 -55 16776960 
9 -55 11393254 
11 -55 11393254 
13 -55 11393254 
15 -55 11393254 
17 -55 11393254 
19 -55 11393254 
21 -55 11393254 
23 -55 11393254 
25 -55 16776960 
27 -55 16776960 
29 -55 16776960 
31 -55 16776960 
33 -55 16776960 
35 -55 16776960 
37 -55 16776960 
39 -55 16776960 
41 -55 11393254 
43 -55 11393254 
45 -55 0 
47 -55 11393254 
49 -55 11393254 
51 -55 11393254 
53 -55 11393254 
55 -55 0 
-56 -56 0 
-54 -56 10494192 
-52 -56 16776960 
-50 -56 16776960 
-48 -56 16776960 
-46 -56 10494192 
-44 -56 10494192 
-42 -56 16776960 
-40 -56 11393254 
-38 -56 16776960 
-36 -56 16776960 
-34 -56 16776960 
-32 -56 16776960 
-30 -56 16776960 
-28 -56 16776960 
-26 -56 16776960 
-24 -56 11393254 
-22 -56 16776960 
-20 -56 16776960 
-18 -56 16776960 
-16 -56 16776960 
-14 -56 16776960 
-12 -56 16776960 
-10 -56 16776960 
-8 -56 11393254 
-6 -56 16753920 
-4 -56 16753920 
-2 -56 16776960 
0 -56 16776960 
2 -56 16776960 
4 -56 16753920 
6 -56 16753920 
8 -56 11393254 
10 -56 16776960 
12 -56 16776960 
14 -56 16776960 
16 -56 16776960 
18 -56 16776960 
20 -56 16776960 
22 -56 16776960 
24 -56 11393254 
26 -56 16776960 
28 -56 16776960 
30 -56 16776960 
32 -56 16776960 
34 -56 16776960 
36 -56 16776960 
38 -56 16776960 
40 -56 11393254 
42 -56 16776960 
44 -56 10494192 
46 -56 10494192 
48 -56 16776960 
50 -56 16776960 
52 -56 16776960 
54 -56 10494192 
56 -56 0 
-57 -57 0 
-55 -57 16711680 
-53 -57 10494192 
-51 -57 16776960 
-49 -57 16776960 
-47 -57 10494192 
-45 -57 16753920 
-43 -57 10494192 
-41 -57 11393254 
-39 -57 11393254 
-37 -57 16776960 
-35 -57 16776960 
-33 -57 16776960 
-31 -57 16776960 
-29 -57 16776960 
-27 -57 16776960 
-25 -57 11393254 
-23 -57 11393254 
-21 -57 16776960 
-19 -57 16776960 
-17 -57 16776960 
-15 -57 16776960 
-13 -57 16776960 
-11 -57 16776960 
-9 -57 11393254 
-7 -57 16711680 
-5 -57 65280 
-3 -57 16753920 
-1 -57 16776960 
1 -57 16776960 
3 -57 16753920 
5 -57 65280 
7 -57 16711680 
9 -57 11393254 
11 -57 16776960 
13 -57 16776960 
15 -57 16776960 
17 -57 16776960 
19 -57 16776960 
21 -57 16776960 
23 -57 11393254 
25 -57 11393254 
27 -57 16776960 
29 -57 16776960 
31 -57 16776960 
33 -57 16776960 
35 -57 16776960 
37 -57 16776960 
39 -57 11393254 
41 -57 11393254 
43 -57 10494192 
45 -57 16753920 
47 -57 10494192 
49 -57 16776960 
51 -57 16776960 
53 -57 10494192 
55 -57 16711680 
57 -57 0 
-58 -58 0 
-56 -58 10824234 
-54 -58 10145074 
-52 -58 10494192 
-50 -58 16776960 
-48 -58 10494192 
-46 -58 10824234 
-44 -58 10824234 
-42 -58 0 
-40 -58 16776960 
-38 -58 11393254 
-36 -58 16776960 
-34 -58 16776960 
-32 -58 16776960 
-30 -58 16776960 
-28 -58 16776960 
-26 -58 11393254 
-24 -58 16776960 
-22 -58 11393254 
-20 -58 16776960 
-18 -58 16776960 
-16 -58 16776960 
-14 -58 16776960 
-12 -58 16776960 
-10 -58 11393254 
-8 -58 16753920 
-6 -58 0 
-4 -58 10494192 
-2 -58 16753920 
0 -58 16776960 
2 -58 16753920 
4 -58 10494192 
6 -58 0 
8 -58 16753920 
10 -58 11393254 
12 -58 16776960 
14 -58 16776960 
16 -58 16776960 
18 -58 16776960 
20 -58 16776960 
22 -58 11393254 
24 -58 16776960 
26 -58 11393254 
28 -58 16776960 
30 -58 16776960 
32 -58 16776960 
34 -58 16776960 
36 -58 16776960 
38 -58 11393254 
40 -58 16776960 
42 -58 0 
44 -58 10824234 
46 -58 10824234 
48 -58 10494192 
50 -58 16776960 
52 -58 10494192 
54 -58 10145074 
56 -58 10824234 
58 -58 0 
-59 -59 0 
-57 -59 255 
-55 -59 0 
-53 -59 255 
-51 -59 10494192 
-49 -59 10494192 
-47 -59 65280 
-45 -59 10494192 
-43 -59 255 
-41 -59 0 
-39 -59 11393254 
-37 -59 11393254 
-35 -59 16776960 
-33 -59 16776960 
-31 -59 16776960 
-29 -59 16776960 
-27 -59 11393254 
-25 -59 11393254 
-23 -59 11393254 
-21 -59 11393254 
-19 -59 16776960 
-17 -59 16776960 
-15 -59 16776960 
-13 -59 16776960 
-11 -59 11393254 
-9 -59 16711680 
-7 -59 10145074 
-5 -59 16711680 
-3 -59 10824234 
-1 -59 16753920 
1 -59 16753920 
3 -59 10824234 
5 -59 16711680 
7 -59 10145074 
9 -59 16711680 
11 -59 11393254 
13 -59 16776960 
15 -59 16776960 
17 -59 16776960 
19 -59 16776960 
21 -59 11393254 
23 -59 11393254 
25 -59 11393254 
27 -59 11393254 
29 -59 16776960 
31 -59 16776960 
33 -59 16776960 
35 -59 16776960 
37 -59 11393254 
39 -59 11393254 
41 -59 0 
43 -59 255 
45 -59 10494192 
47 -59 65280 
49 -59 10494192 
51 -59 10494192 
53 -59 255 
55 -59 0 
57 -59 255 
59 -59 0 
-60 -60 0 
-58 -60 16776960 
-56 -60 16776960 
-54 -60 16776960 
-52 -60 11393254 
-50 -60 16753920 
-48 -60 16776960 
-46 -60 16776960 
-44 -60 11393254 
-42 -60 16776960 
-40 -60 10494192 
-38 -60 16776960 
-36 -60 11393254 
-34 -60 16776960 
-32 -60 16776960 
-30 -60 16776960 
-28 -60 11393254 
-26 -60 16776960 
-24 -60 16776960 
-22 -60 16776960 
-20 -60 11393254 
-18 -60 16776960 
-16 -60 16776960 
-14 -60 16776960 
-12 -60 11393254 
-10 -60 16753920 
-8 -60 16776960 
-6 -60 16776960 
-4 -60 11393254 
-2 -60 16776960 
0 -60 65280 
2 -60 16776960 
4 -60 11393254 
6 -60 16776960 
8 -60 16776960 
10 -60 16753920 
12 -60 11393254 
14 -60 16776960 
16 -60 16776960 
18 -60 16776960 
20 -60 11393254 
22 -60 16776960 
24 -60 16776960 
26 -60 16776960 
28 -60 11393254 
30 -60 16776960 
32 -60 16776960 
34 -60 16776960 
36 -60 11393254 
38 -60 16776960 
40 -60 10494192 
42 -60 16776960 
44 -60 11393254 
46 -60 16776960 
48 -60 16776960 
50 -60 16753920 
52 -60 11393254 
54 -60 16776960 
56 -60 16776960 
58 -60 16776960 
60 -60 0 
-61 -61 0 
-59 -61 0 
-57 -61 16776960 
-55 -61 16776960 
-53 -61 11393254 
-51 -61 16711680 
-49 -61 16753920 
-47 -61 16776960 
-45 -61 11393254 
-43 -61 11393254 
-41 -61 10494192 
-39 -61 10494192 
-37 -61 11393254 
-35 -61 11393254 
-33 -61 16776960 
-31 -61 16776960 
-29 -61 11393254 
-27 -61 11393254 
-25 -61 16776960 
-23 -61 16776960 
-21 -61 11393254 
-19 -61 11393254 
-17 -61 16776960 
-15 -61 16776960 
-13 -61 11393254 
-11 -61 16711680 
-9 -61 16753920 
-7 -61 16776960 
-5 -61 11393254 
-3 -61 11393254 
-1 -61 65280 
1 -61 65280 
3 -61 11393254 
5 -61 11393254 
7 -61 16776960 
9 -61 16753920 
11 -61 16711680 
13 -61 11393254 
15 -61 16776960 
17 -61 16776960 
19 -61 11393254 
21 -61 11393254 
23 -61 16776960 
25 -61 16776960 
27 -61 11393254 
29 -61 11393254 
31 -61 16776960 
33 -61 16776960 
35 -61 11393254 
37 -61 11393254 
39 -61 10494192 
41 -61 10494192 
43 -61 11393254 
45 -61 11393254 
47 -61 16776960 
49 -61 16753920 
51 -61 16711680 
53 -61 11393254 
55 -61 16776960 
57 -61 16776960 
59 -61 0 
61 -61 0 
-62 -62 0 
-60 -62 16753920 
-58 -62 0 
-56 -62 16776960 
-54 -62 11393254 
-52 -62 16753920 
-50 -62 255 
-48 -62 16753920 
-46 -62 11393254 
-44 -62 16776960 
-42 -62 0 
-40 -62 16753920 
-38 -62 0 
-36 -62 16776960 
-34 -62 11393254 
-32 -62 16776960 
-30 -62 11393254 
-28 -62 16776960 
-26 -62 11393254 
-24 -62 16776960 
-22 -62 11393254 
-20 -62 16776960 
-18 -62 11393254 
-16 -62 16776960 
-14 -62 11393254 
-12 -62 16753920 
-10 -62 255 
-8 -62 16753920 
-6 -62 11393254 
-4 -62 16776960 
-2 -62 255 
0 -62 10824234 
2 -62 255 
4 -62 16776960 
6 -62 11393254 
8 -62 16753920 
10 -62 255 
12 -62 16753920 
14 -62 11393254 
16 -62 16776960 
18 -62 11393254 
20 -62 16776960 
22 -62 11393254 
24 -62 16776960 
26 -62 11393254 
28 -62 16776960 
30 -62 11393254 
32 -62 16776960 
34 -62 11393254 
36 -62 16776960 
38 -62 0 
40 -62 16753920 
42 -62 0 
44 -62 16776960 
46 -62 11393254 
48 -62 16753920 
50 -62 255 
52 -62 16753920 
54 -62 11393254 
56 -62 16776960 
58 -62 0 
60 -62 16753920 
62 -62 0 
-63 -63 0 
-61 -63 10145074 
-59 -63 10145074 
-57 -63 0 
-55 -63 11393254 
-53 -63 16711680 
-51 -63 0 
-49 -63 0 
-47 -63 16711680 
-45 -63 11393254 
-43 -63 0 
-41 -63 10145074 
-39 -63 10145074 
-37 -63 0 
-35 -63 11393254 
-33 -63 11393254 
-31 -63 11393254 
-29 -63 11393254 
-27 -63 11393254 
-25 -63 11393254 
-23 -63 11393254 
-21 -63 11393254 
-19 -63 11393254 
-17 -63 11393254 
-15 -63 11393254 
-13 -63 16711680 
-11 -63 0 
-9 -63 0 
-7 -63 16711680 
-5 -63 11393254 
-3 -63 255 
-1 -63 16711680 
1 -63 16711680 
3 -63 255 
5 -63 11393254 
7 -63 16711680 
9 -63 0 
11 -63 0 
13 -63 16711680 
15 -63 11393254 
17 -63 11393254 
19 -63 11393254 
21 -63 11393254 
23 -63 11393254 
25 -63 11393254 
27 -63 11393254 
29 -63 11393254 
31 -63 11393254 
33 -63 11393254 
35 -63 11393254 
37 -63 0 
39 -63 10145074 
41 -63 10145074 
43 -63 0 
45 -63 11393254 
47 -63 16711680 
49 -63 0 
51 -63 0 
53 -63 16711680 
55 -63 11393254 
57 -63 0 
59 -63 10145074 
61 -63 10145074 
63 -63 0 
