0 0 11776947 
-1 -1 11776947 
1 -1 11776947 
-2 -2 11776947 
0 -2 5066061 
2 -2 11776947 
-3 -3 11776947 
-1 -3 3355443 
1 -3 3355443 
3 -3 11776947 
-4 -4 11776947 
-2 -4 8355711 
0 -4 10066329 
2 -4 8355711 
4 -4 11776947 
-5 -5 11776947 
-3 -5 13421772 
-1 -5 15066597 
1 -5 15066597 
3 -5 13421772 
5 -5 11776947 
-6 -6 11776947 
-4 -6 10066329 
-2 -6 13421772 
0 -6 15066597 
2 -6 13421772 
4 -6 10066329 
6 -6 11776947 
-7 -7 11776947 
-5 -7 1710618 
-3 -7 11776947 
-1 -7 13421772 
1 -7 13421772 
3 -7 11776947 
5 -7 1710618 
7 -7 11776947 
-8 -8 11776947 
-6 -8 6710886 
-4 -8 6710886 
-2 -8 10066329 
0 -8 15066597 
2 -8 10066329 
4 -8 6710886 
6 -8 6710886 
8 -8 11776947 
-9 -9 11776947 
-7 -9 0 
-5 -9 10066329 
-3 -9 8355711 
-1 -9 10066329 
1 -9 10066329 
3 -9 8355711 
5 -9 10066329 
7 -9 0 
9 -9 11776947 
-10 -10 11776947 
-8 -10 15066597 
-6 -10 13421772 
-4 -10 15066597 
-2 -10 15066597 
0 -10 5066061 
2 -10 15066597 
4 -10 15066597 
6 -10 13421772 
8 -10 15066597 
10 -10 11776947 
-11 -11 11776947 
-9 -11 11776947 
-7 -11 13421772 
-5 -11 13421772 
-3 -11 15066597 
-1 -11 5066061 
1 -11 5066061 
3 -11 15066597 
5 -11 13421772 
7 -11 13421772 
9 -11 11776947 
11 -11 11776947 
-12 -12 11776947 
-10 -12 5066061 
-8 -12 10066329 
-6 -12 15066597 
-4 -12 13421772 
-2 -12 5066061 
0 -12 8355711 
2 -12 5066061 
4 -12 13421772 
6 -12 15066597 
8 -12 10066329 
10 -12 5066061 
12 -12 11776947 
-13 -13 11776947 
-11 -13 3355443 
-9 -13 6710886 
-7 -13 10066329 
-5 -13 13421772 
-3 -13 1710618 
-1 -13 10066329 
1 -13 10066329 
3 -13 1710618 
5 -13 13421772 
7 -13 10066329 
9 -13 6710886 
11 -13 3355443 
13 -13 11776947 
-14 -14 11776947 
-12 -14 8355711 
-10 -14 11776947 
-8 -14 8355711 
-6 -14 11776947 
-4 -14 5066061 
-2 -14 3355443 
0 -14 5066061 
2 -14 3355443 
4 -14 5066061 
6 -14 11776947 
8 -14 8355711 
10 -14 11776947 
12 -14 8355711 
14 -14 11776947 
-15 -15 11776947 
-13 -15 13421772 
-11 -15 13421772 
-9 -15 13421772 
-7 -15 13421772 
-5 -15 3355443 
-3 -15 13421772 
-1 -15 13421772 
1 -15 13421772 
3 -15 13421772 
5 -15 3355443 
7 -15 13421772 
9 -15 13421772 
11 -15 13421772 
13 -15 13421772 
15 -15 11776947 
-16 -16 11776947 
-14 -16 10066329 
-12 -16 15066597 
-10 -16 15066597 
-8 -16 15066597 
-6 -16 6710886 
-4 -16 6710886 
-2 -16 15066597 
0 -16 15066597 
2 -16 15066597 
4 -16 6710886 
6 -16 6710886 
8 -16 15066597 
10 -16 15066597 
12 -16 15066597 
14 -16 10066329 
16 -16 11776947 
-17 -17 11776947 
-15 -17 1710618 
-13 -17 10066329 
-11 -17 15066597 
-9 -17 15066597 
-7 -17 6710886 
-5 -17 10066329 
-3 -17 6710886 
-1 -17 15066597 
1 -17 15066597 
3 -17 6710886 
5 -17 10066329 
7 -17 6710886 
9 -17 15066597 
11 -17 15066597 
13 -17 10066329 
15 -17 1710618 
17 -17 11776947 
-18 -18 11776947 
-16 -18 6710886 
-14 -18 3355443 
-12 -18 10066329 
-10 -18 15066597 
-8 -18 6710886 
-6 -18 8355711 
-4 -18 8355711 
-2 -18 6710886 
0 -18 15066597 
2 -18 6710886 
4 -18 8355711 
6 -18 8355711 
8 -18 6710886 
10 -18 15066597 
12 -18 10066329 
14 -18 3355443 
16 -18 6710886 
18 -18 11776947 
-19 -19 11776947 
-17 -19 0 
-15 -19 11776947 
-13 -19 0 
-11 -19 10066329 
-9 -19 6710886 
-7 -19 5066061 
-5 -19 6710886 
-3 -19 5066061 
-1 -19 6710886 
1 -19 6710886 
3 -19 5066061 
5 -19 6710886 
7 -19 5066061 
9 -19 6710886 
11 -19 10066329 
13 -19 0 
15 -19 11776947 
17 -19 0 
19 -19 11776947 
-20 -20 11776947 
-18 -20 15066597 
-16 -20 15066597 
-14 -20 15066597 
-12 -20 13421772 
-10 -20 8355711 
-8 -20 15066597 
-6 -20 15066597 
-4 -20 15066597 
-2 -20 15066597 
0 -20 10066329 
2 -20 15066597 
4 -20 15066597 
6 -20 15066597 
8 -20 15066597 
10 -20 8355711 
12 -20 13421772 
14 -20 15066597 
16 -20 15066597 
18 -20 15066597 
20 -20 11776947 
-21 -21 11776947 
-19 -21 11776947 
-17 -21 15066597 
-15 -21 15066597 
-13 -21 13421772 
-11 -21 0 
-9 -21 8355711 
-7 -21 15066597 
-5 -21 15066597 
-3 -21 15066597 
-1 -21 10066329 
1 -21 10066329 
3 -21 15066597 
5 -21 15066597 
7 -21 15066597 
9 -21 8355711 
11 -21 0 
13 -21 13421772 
15 -21 15066597 
17 -21 15066597 
19 -21 11776947 
21 -21 11776947 
-22 -22 11776947 
-20 -22 5066061 
-18 -22 11776947 
-16 -22 15066597 
-14 -22 13421772 
-12 -22 8355711 
-10 -22 3355443 
-8 -22 8355711 
-6 -22 15066597 
-4 -22 15066597 
-2 -22 10066329 
0 -22 5066061 
2 -22 10066329 
4 -22 15066597 
6 -22 15066597 
8 -22 8355711 
10 -22 3355443 
12 -22 8355711 
14 -22 13421772 
16 -22 15066597 
18 -22 11776947 
20 -22 5066061 
22 -22 11776947 
-23 -23 11776947 
-21 -23 3355443 
-19 -23 3355443 
-17 -23 11776947 
-15 -23 13421772 
-13 -23 0 
-11 -23 1710618 
-9 -23 1710618 
-7 -23 8355711 
-5 -23 15066597 
-3 -23 10066329 
-1 -23 6710886 
1 -23 6710886 
3 -23 10066329 
5 -23 15066597 
7 -23 8355711 
9 -23 1710618 
11 -23 1710618 
13 -23 0 
15 -23 13421772 
17 -23 11776947 
19 -23 3355443 
21 -23 3355443 
23 -23 11776947 
-24 -24 11776947 
-22 -24 8355711 
-20 -24 10066329 
-18 -24 8355711 
-16 -24 10066329 
-14 -24 8355711 
-12 -24 10066329 
-10 -24 8355711 
-8 -24 11776947 
-6 -24 8355711 
-4 -24 10066329 
-2 -24 8355711 
0 -24 10066329 
2 -24 8355711 
4 -24 10066329 
6 -24 8355711 
8 -24 11776947 
10 -24 8355711 
12 -24 10066329 
14 -24 8355711 
16 -24 10066329 
18 -24 8355711 
20 -24 10066329 
22 -24 8355711 
24 -24 11776947 
-25 -25 11776947 
-23 -25 13421772 
-21 -25 15066597 
-19 -25 15066597 
-17 -25 15066597 
-15 -25 15066597 
-13 -25 15066597 
-11 -25 15066597 
-9 -25 13421772 
-7 -25 13421772 
-5 -25 15066597 
-3 -25 15066597 
-1 -25 15066597 
1 -25 15066597 
3 -25 15066597 
5 -25 15066597 
7 -25 13421772 
9 -25 13421772 
11 -25 15066597 
13 -25 15066597 
15 -25 15066597 
17 -25 15066597 
19 -25 15066597 
21 -25 15066597 
23 -25 13421772 
25 -25 11776947 
-26 -26 11776947 
-24 -26 10066329 
-22 -26 13421772 
-20 -26 15066597 
-18 -26 15066597 
-16 -26 15066597 
-14 -26 15066597 
-12 -26 15066597 
-10 -26 13421772 
-8 -26 15066597 
-6 -26 13421772 
-4 -26 15066597 
-2 -26 15066597 
0 -26 15066597 
2 -26 15066597 
4 -26 15066597 
6 -26 13421772 
8 -26 15066597 
10 -26 13421772 
12 -26 15066597 
14 -26 15066597 
16 -26 15066597 
18 -26 15066597 
20 -26 15066597 
22 -26 13421772 
24 -26 10066329 
26 -26 11776947 
-27 -27 11776947 
-25 -27 1710618 
-23 -27 11776947 
-21 -27 13421772 
-19 -27 15066597 
-17 -27 15066597 
-15 -27 15066597 
-13 -27 15066597 
-11 -27 13421772 
-9 -27 13421772 
-7 -27 13421772 
-5 -27 13421772 
-3 -27 15066597 
-1 -27 15066597 
1 -27 15066597 
3 -27 15066597 
5 -27 13421772 
7 -27 13421772 
9 -27 13421772 
11 -27 13421772 
13 -27 15066597 
15 -27 15066597 
17 -27 15066597 
19 -27 15066597 
21 -27 13421772 
23 -27 11776947 
25 -27 1710618 
27 -27 11776947 
-28 -28 11776947 
-26 -28 6710886 
-24 -28 6710886 
-22 -28 10066329 
-20 -28 13421772 
-18 -28 15066597 
-16 -28 15066597 
-14 -28 15066597 
-12 -28 13421772 
-10 -28 15066597 
-8 -28 15066597 
-6 -28 15066597 
-4 -28 13421772 
-2 -28 15066597 
0 -28 15066597 
2 -28 15066597 
4 -28 13421772 
6 -28 15066597 
8 -28 15066597 
10 -28 15066597 
12 -28 13421772 
14 -28 15066597 
16 -28 15066597 
18 -28 15066597 
20 -28 13421772 
22 -28 10066329 
24 -28 6710886 
26 -28 6710886 
28 -28 11776947 
-29 -29 11776947 
-27 -29 0 
-25 -29 10066329 
-23 -29 8355711 
-21 -29 11776947 
-19 -29 13421772 
-17 -29 15066597 
-15 -29 15066597 
-13 -29 13421772 
-11 -29 13421772 
-9 -29 15066597 
-7 -29 15066597 
-5 -29 13421772 
-3 -29 13421772 
-1 -29 15066597 
1 -29 15066597 
3 -29 13421772 
5 -29 13421772 
7 -29 15066597 
9 -29 15066597 
11 -29 13421772 
13 -29 13421772 
15 -29 15066597 
17 -29 15066597 
19 -29 13421772 
21 -29 11776947 
23 -29 8355711 
25 -29 10066329 
27 -29 0 
29 -29 11776947 
-30 -30 11776947 
-28 -30 15066597 
-26 -30 13421772 
-24 -30 15066597 
-22 -30 13421772 
-20 -30 10066329 
-18 -30 13421772 
-16 -30 15066597 
-14 -30 13421772 
-12 -30 15066597 
-10 -30 13421772 
-8 -30 15066597 
-6 -30 13421772 
-4 -30 15066597 
-2 -30 13421772 
0 -30 15066597 
2 -30 13421772 
4 -30 15066597 
6 -30 13421772 
8 -30 15066597 
10 -30 13421772 
12 -30 15066597 
14 -30 13421772 
16 -30 15066597 
18 -30 13421772 
20 -30 10066329 
22 -30 13421772 
24 -30 15066597 
26 -30 13421772 
28 -30 15066597 
30 -30 11776947 
-31 -31 11776947 
-29 -31 11776947 
-27 -31 13421772 
-25 -31 13421772 
-23 -31 13421772 
-21 -31 11776947 
-19 -31 11776947 
-17 -31 13421772 
-15 -31 13421772 
-13 -31 13421772 
-11 -31 13421772 
-9 -31 13421772 
-7 -31 13421772 
-5 -31 13421772 
-3 -31 13421772 
-1 -31 13421772 
1 -31 13421772 
3 -31 13421772 
5 -31 13421772 
7 -31 13421772 
9 -31 13421772 
11 -31 13421772 
13 -31 13421772 
15 -31 13421772 
17 -31 13421772 
19 -31 11776947 
21 -31 11776947 
23 -31 13421772 
25 -31 13421772 
27 -31 13421772 
29 -31 11776947 
31 -31 11776947 
-32 -32 11776947 
-30 -32 5066061 
-28 -32 10066329 
-26 -32 15066597 
-24 -32 15066597 
-22 -32 10066329 
-20 -32 5066061 
-18 -32 10066329 
-16 -32 15066597 
-14 -32 15066597 
-12 -32 15066597 
-10 -32 15066597 
-8 -32 15066597 
-6 -32 15066597 
-4 -32 15066597 
-2 -32 15066597 
0 -32 15066597 
2 -32 15066597 
4 -32 15066597 
6 -32 15066597 
8 -32 15066597 
10 -32 15066597 
12 -32 15066597 
14 -32 15066597 
16 -32 15066597 
18 -32 10066329 
20 -32 5066061 
22 -32 10066329 
24 -32 15066597 
26 -32 15066597 
28 -32 10066329 
30 -32 5066061 
32 -32 11776947 
-33 -33 11776947 
-31 -33 3355443 
-29 -33 6710886 
-27 -33 10066329 
-25 -33 15066597 
-23 -33 10066329 
-21 -33 6710886 
-19 -33 6710886 
-17 -33 10066329 
-15 -33 15066597 
-13 -33 15066597 
-11 -33 15066597 
-9 -33 15066597 
-7 -33 15066597 
-5 -33 15066597 
-3 -33 15066597 
-1 -33 15066597 
1 -33 15066597 
3 -33 15066597 
5 -33 15066597 
7 -33 15066597 
9 -33 15066597 
11 -33 15066597 
13 -33 15066597 
15 -33 15066597 
17 -33 10066329 
19 -33 6710886 
21 -33 6710886 
23 -33 10066329 
25 -33 15066597 
27 -33 10066329 
29 -33 6710886 
31 -33 3355443 
33 -33 11776947 
-34 -34 11776947 
-32 -34 8355711 
-30 -34 11776947 
-28 -34 8355711 
-26 -34 10066329 
-24 -34 10066329 
-22 -34 8355711 
-20 -34 10066329 
-18 -34 8355711 
-16 -34 10066329 
-14 -34 15066597 
-12 -34 15066597 
-10 -34 15066597 
-8 -34 15066597 
-6 -34 15066597 
-4 -34 15066597 
-2 -34 15066597 
0 -34 15066597 
2 -34 15066597 
4 -34 15066597 
6 -34 15066597 
8 -34 15066597 
10 -34 15066597 
12 -34 15066597 
14 -34 15066597 
16 -34 10066329 
18 -34 8355711 
20 -34 10066329 
22 -34 8355711 
24 -34 10066329 
26 -34 10066329 
28 -34 8355711 
30 -34 11776947 
32 -34 8355711 
34 -34 11776947 
-35 -35 11776947 
-33 -35 13421772 
-31 -35 13421772 
-29 -35 13421772 
-27 -35 15066597 
-25 -35 5066061 
-23 -35 15066597 
-21 -35 15066597 
-19 -35 15066597 
-17 -35 15066597 
-15 -35 10066329 
-13 -35 15066597 
-11 -35 15066597 
-9 -35 15066597 
-7 -35 15066597 
-5 -35 15066597 
-3 -35 15066597 
-1 -35 15066597 
1 -35 15066597 
3 -35 15066597 
5 -35 15066597 
7 -35 15066597 
9 -35 15066597 
11 -35 15066597 
13 -35 15066597 
15 -35 10066329 
17 -35 15066597 
19 -35 15066597 
21 -35 15066597 
23 -35 15066597 
25 -35 5066061 
27 -35 15066597 
29 -35 13421772 
31 -35 13421772 
33 -35 13421772 
35 -35 11776947 
-36 -36 11776947 
-34 -36 10066329 
-32 -36 15066597 
-30 -36 15066597 
-28 -36 13421772 
-26 -36 5066061 
-24 -36 5066061 
-22 -36 15066597 
-20 -36 15066597 
-18 -36 15066597 
-16 -36 10066329 
-14 -36 10066329 
-12 -36 15066597 
-10 -36 15066597 
-8 -36 15066597 
-6 -36 15066597 
-4 -36 15066597 
-2 -36 15066597 
0 -36 15066597 
2 -36 15066597 
4 -36 15066597 
6 -36 15066597 
8 -36 15066597 
10 -36 15066597 
12 -36 15066597 
14 -36 10066329 
16 -36 10066329 
18 -36 15066597 
20 -36 15066597 
22 -36 15066597 
24 -36 5066061 
26 -36 5066061 
28 -36 13421772 
30 -36 15066597 
32 -36 15066597 
34 -36 10066329 
36 -36 11776947 
-37 -37 11776947 
-35 -37 1710618 
-33 -37 10066329 
-31 -37 15066597 
-29 -37 13421772 
-27 -37 1710618 
-25 -37 8355711 
-23 -37 5066061 
-21 -37 15066597 
-19 -37 15066597 
-17 -37 10066329 
-15 -37 5066061 
-13 -37 10066329 
-11 -37 15066597 
-9 -37 15066597 
-7 -37 15066597 
-5 -37 15066597 
-3 -37 15066597 
-1 -37 15066597 
1 -37 15066597 
3 -37 15066597 
5 -37 15066597 
7 -37 15066597 
9 -37 15066597 
11 -37 15066597 
13 -37 10066329 
15 -37 5066061 
17 -37 10066329 
19 -37 15066597 
21 -37 15066597 
23 -37 5066061 
25 -37 8355711 
27 -37 1710618 
29 -37 13421772 
31 -37 15066597 
33 -37 10066329 
35 -37 1710618 
37 -37 11776947 
-38 -38 11776947 
-36 -38 6710886 
-34 -38 3355443 
-32 -38 10066329 
-30 -38 13421772 
-28 -38 5066061 
-26 -38 11776947 
-24 -38 10066329 
-22 -38 5066061 
-20 -38 15066597 
-18 -38 10066329 
-16 -38 6710886 
-14 -38 6710886 
-12 -38 10066329 
-10 -38 15066597 
-8 -38 15066597 
-6 -38 15066597 
-4 -38 15066597 
-2 -38 15066597 
0 -38 15066597 
2 -38 15066597 
4 -38 15066597 
6 -38 15066597 
8 -38 15066597 
10 -38 15066597 
12 -38 10066329 
14 -38 6710886 
16 -38 6710886 
18 -38 10066329 
20 -38 15066597 
22 -38 5066061 
24 -38 10066329 
26 -38 11776947 
28 -38 5066061 
30 -38 13421772 
32 -38 10066329 
34 -38 3355443 
36 -38 6710886 
38 -38 11776947 
-39 -39 11776947 
-37 -39 0 
-35 -39 11776947 
-33 -39 0 
-31 -39 11776947 
-29 -39 1710618 
-27 -39 3355443 
-25 -39 1710618 
-23 -39 6710886 
-21 -39 5066061 
-19 -39 10066329 
-17 -39 8355711 
-15 -39 10066329 
-13 -39 8355711 
-11 -39 10066329 
-9 -39 15066597 
-7 -39 15066597 
-5 -39 15066597 
-3 -39 15066597 
-1 -39 15066597 
1 -39 15066597 
3 -39 15066597 
5 -39 15066597 
7 -39 15066597 
9 -39 15066597 
11 -39 10066329 
13 -39 8355711 
15 -39 10066329 
17 -39 8355711 
19 -39 10066329 
21 -39 5066061 
23 -39 6710886 
25 -39 1710618 
27 -39 3355443 
29 -39 1710618 
31 -39 11776947 
33 -39 0 
35 -39 11776947 
37 -39 0 
39 -39 11776947 
-40 -40 11776947 
-38 -40 15066597 
-36 -40 15066597 
-34 -40 15066597 
-32 -40 15066597 
-30 -40 6710886 
-28 -40 15066597 
-26 -40 15066597 
-24 -40 13421772 
-22 -40 15066597 
-20 -40 6710886 
-18 -40 15066597 
-16 -40 15066597 
-14 -40 15066597 
-12 -40 15066597 
-10 -40 10066329 
-8 -40 15066597 
-6 -40 15066597 
-4 -40 15066597 
-2 -40 15066597 
0 -40 15066597 
2 -40 15066597 
4 -40 15066597 
6 -40 15066597 
8 -40 15066597 
10 -40 10066329 
12 -40 15066597 
14 -40 15066597 
16 -40 15066597 
18 -40 15066597 
20 -40 6710886 
22 -40 15066597 
24 -40 13421772 
26 -40 15066597 
28 -40 15066597 
30 -40 6710886 
32 -40 15066597 
34 -40 15066597 
36 -40 15066597 
38 -40 15066597 
40 -40 11776947 
-41 -41 11776947 
-39 -41 11776947 
-37 -41 15066597 
-35 -41 15066597 
-33 -41 15066597 
-31 -41 6710886 
-29 -41 6710886 
-27 -41 15066597 
-25 -41 13421772 
-23 -41 13421772 
-21 -41 6710886 
-19 -41 6710886 
-17 -41 15066597 
-15 -41 15066597 
-13 -41 15066597 
-11 -41 10066329 
-9 -41 10066329 
-7 -41 15066597 
-5 -41 15066597 
-3 -41 15066597 
-1 -41 15066597 
1 -41 15066597 
3 -41 15066597 
5 -41 15066597 
7 -41 15066597 
9 -41 10066329 
11 -41 10066329 
13 -41 15066597 
15 -41 15066597 
17 -41 15066597 
19 -41 6710886 
21 -41 6710886 
23 -41 13421772 
25 -41 13421772 
27 -41 15066597 
29 -41 6710886 
31 -41 6710886 
33 -41 15066597 
35 -41 15066597 
37 -41 15066597 
39 -41 11776947 
41 -41 11776947 
-42 -42 11776947 
-40 -42 5066061 
-38 -42 11776947 
-36 -42 15066597 
-34 -42 15066597 
-32 -42 6710886 
-30 -42 10066329 
-28 -42 6710886 
-26 -42 13421772 
-24 -42 15066597 
-22 -42 3355443 
-20 -42 10066329 
-18 -42 6710886 
-16 -42 15066597 
-14 -42 15066597 
-12 -42 10066329 
-10 -42 5066061 
-8 -42 10066329 
-6 -42 15066597 
-4 -42 15066597 
-2 -42 15066597 
0 -42 15066597 
2 -42 15066597 
4 -42 15066597 
6 -42 15066597 
8 -42 10066329 
10 -42 5066061 
12 -42 10066329 
14 -42 15066597 
16 -42 15066597 
18 -42 6710886 
20 -42 10066329 
22 -42 3355443 
24 -42 15066597 
26 -42 13421772 
28 -42 6710886 
30 -42 10066329 
32 -42 6710886 
34 -42 15066597 
36 -42 15066597 
38 -42 11776947 
40 -42 5066061 
42 -42 11776947 
-43 -43 11776947 
-41 -43 3355443 
-39 -43 3355443 
-37 -43 11776947 
-35 -43 15066597 
-33 -43 6710886 
-31 -43 8355711 
-29 -43 8355711 
-27 -43 3355443 
-25 -43 13421772 
-23 -43 3355443 
-21 -43 0 
-19 -43 8355711 
-17 -43 6710886 
-15 -43 15066597 
-13 -43 10066329 
-11 -43 6710886 
-9 -43 6710886 
-7 -43 10066329 
-5 -43 15066597 
-3 -43 15066597 
-1 -43 15066597 
1 -43 15066597 
3 -43 15066597 
5 -43 15066597 
7 -43 10066329 
9 -43 6710886 
11 -43 6710886 
13 -43 10066329 
15 -43 15066597 
17 -43 6710886 
19 -43 8355711 
21 -43 0 
23 -43 3355443 
25 -43 13421772 
27 -43 3355443 
29 -43 8355711 
31 -43 8355711 
33 -43 6710886 
35 -43 15066597 
37 -43 11776947 
39 -43 3355443 
41 -43 3355443 
43 -43 11776947 
-44 -44 11776947 
-42 -44 8355711 
-40 -44 10066329 
-38 -44 8355711 
-36 -44 11776947 
-34 -44 6710886 
-32 -44 5066061 
-30 -44 6710886 
-28 -44 1710618 
-26 -44 6710886 
-24 -44 6710886 
-22 -44 5066061 
-20 -44 3355443 
-18 -44 5066061 
-16 -44 6710886 
-14 -44 10066329 
-12 -44 8355711 
-10 -44 10066329 
-8 -44 8355711 
-6 -44 10066329 
-4 -44 15066597 
-2 -44 15066597 
0 -44 15066597 
2 -44 15066597 
4 -44 15066597 
6 -44 10066329 
8 -44 8355711 
10 -44 10066329 
12 -44 8355711 
14 -44 10066329 
16 -44 6710886 
18 -44 5066061 
20 -44 3355443 
22 -44 5066061 
24 -44 6710886 
26 -44 6710886 
28 -44 1710618 
30 -44 6710886 
32 -44 5066061 
34 -44 6710886 
36 -44 11776947 
38 -44 8355711 
40 -44 10066329 
42 -44 8355711 
44 -44 11776947 
-45 -45 11776947 
-43 -45 13421772 
-41 -45 15066597 
-39 -45 15066597 
-37 -45 13421772 
-35 -45 0 
-33 -45 15066597 
-31 -45 15066597 
-29 -45 13421772 
-27 -45 13421772 
-25 -45 10066329 
-23 -45 15066597 
-21 -45 13421772 
-19 -45 13421772 
-17 -45 15066597 
-15 -45 8355711 
-13 -45 15066597 
-11 -45 15066597 
-9 -45 15066597 
-7 -45 15066597 
-5 -45 10066329 
-3 -45 15066597 
-1 -45 15066597 
1 -45 15066597 
3 -45 15066597 
5 -45 10066329 
7 -45 15066597 
9 -45 15066597 
11 -45 15066597 
13 -45 15066597 
15 -45 8355711 
17 -45 15066597 
19 -45 13421772 
21 -45 13421772 
23 -45 15066597 
25 -45 10066329 
27 -45 13421772 
29 -45 13421772 
31 -45 15066597 
33 -45 15066597 
35 -45 0 
37 -45 13421772 
39 -45 15066597 
41 -45 15066597 
43 -45 13421772 
45 -45 11776947 
-46 -46 11776947 
-44 -46 10066329 
-42 -46 13421772 
-40 -46 15066597 
-38 -46 13421772 
-36 -46 8355711 
-34 -46 0 
-32 -46 15066597 
-30 -46 13421772 
-28 -46 15066597 
-26 -46 11776947 
-24 -46 10066329 
-22 -46 13421772 
-20 -46 15066597 
-18 -46 13421772 
-16 -46 8355711 
-14 -46 8355711 
-12 -46 15066597 
-10 -46 15066597 
-8 -46 15066597 
-6 -46 10066329 
-4 -46 10066329 
-2 -46 15066597 
0 -46 15066597 
2 -46 15066597 
4 -46 10066329 
6 -46 10066329 
8 -46 15066597 
10 -46 15066597 
12 -46 15066597 
14 -46 8355711 
16 -46 8355711 
18 -46 13421772 
20 -46 15066597 
22 -46 13421772 
24 -46 10066329 
26 -46 11776947 
28 -46 15066597 
30 -46 13421772 
32 -46 15066597 
34 -46 0 
36 -46 8355711 
38 -46 13421772 
40 -46 15066597 
42 -46 13421772 
44 -46 10066329 
46 -46 11776947 
-47 -47 11776947 
-45 -47 1710618 
-43 -47 11776947 
-41 -47 13421772 
-39 -47 13421772 
-37 -47 0 
-35 -47 3355443 
-33 -47 0 
-31 -47 13421772 
-29 -47 13421772 
-27 -47 11776947 
-25 -47 1710618 
-23 -47 11776947 
-21 -47 13421772 
-19 -47 13421772 
-17 -47 0 
-15 -47 6710886 
-13 -47 8355711 
-11 -47 15066597 
-9 -47 15066597 
-7 -47 10066329 
-5 -47 5066061 
-3 -47 10066329 
-1 -47 15066597 
1 -47 15066597 
3 -47 10066329 
5 -47 5066061 
7 -47 10066329 
9 -47 15066597 
11 -47 15066597 
13 -47 8355711 
15 -47 6710886 
17 -47 0 
19 -47 13421772 
21 -47 13421772 
23 -47 11776947 
25 -47 1710618 
27 -47 11776947 
29 -47 13421772 
31 -47 13421772 
33 -47 0 
35 -47 3355443 
37 -47 0 
39 -47 13421772 
41 -47 13421772 
43 -47 11776947 
45 -47 1710618 
47 -47 11776947 
-48 -48 11776947 
-46 -48 6710886 
-44 -48 6710886 
-42 -48 10066329 
-40 -48 15066597 
-38 -48 8355711 
-36 -48 5066061 
-34 -48 5066061 
-32 -48 8355711 
-30 -48 15066597 
-28 -48 10066329 
-26 -48 6710886 
-24 -48 6710886 
-22 -48 10066329 
-20 -48 15066597 
-18 -48 8355711 
-16 -48 1710618 
-14 -48 5066061 
-12 -48 8355711 
-10 -48 15066597 
-8 -48 10066329 
-6 -48 6710886 
-4 -48 6710886 
-2 -48 10066329 
0 -48 15066597 
2 -48 10066329 
4 -48 6710886 
6 -48 6710886 
8 -48 10066329 
10 -48 15066597 
12 -48 8355711 
14 -48 5066061 
16 -48 1710618 
18 -48 8355711 
20 -48 15066597 
22 -48 10066329 
24 -48 6710886 
26 -48 6710886 
28 -48 10066329 
30 -48 15066597 
32 -48 8355711 
34 -48 5066061 
36 -48 5066061 
38 -48 8355711 
40 -48 15066597 
42 -48 10066329 
44 -48 6710886 
46 -48 6710886 
48 -48 11776947 
-49 -49 11776947 
-47 -49 0 
-45 -49 10066329 
-43 -49 8355711 
-41 -49 10066329 
-39 -49 8355711 
-37 -49 10066329 
-35 -49 8355711 
-33 -49 10066329 
-31 -49 8355711 
-29 -49 10066329 
-27 -49 8355711 
-25 -49 10066329 
-23 -49 8355711 
-21 -49 10066329 
-19 -49 8355711 
-17 -49 11776947 
-15 -49 0 
-13 -49 10066329 
-11 -49 8355711 
-9 -49 10066329 
-7 -49 8355711 
-5 -49 10066329 
-3 -49 8355711 
-1 -49 10066329 
1 -49 10066329 
3 -49 8355711 
5 -49 10066329 
7 -49 8355711 
9 -49 10066329 
11 -49 8355711 
13 -49 10066329 
15 -49 0 
17 -49 11776947 
19 -49 8355711 
21 -49 10066329 
23 -49 8355711 
25 -49 10066329 
27 -49 8355711 
29 -49 10066329 
31 -49 8355711 
33 -49 10066329 
35 -49 8355711 
37 -49 10066329 
39 -49 8355711 
41 -49 10066329 
43 -49 8355711 
45 -49 10066329 
47 -49 0 
49 -49 11776947 
-50 -50 11776947 
-48 -50 15066597 
-46 -50 13421772 
-44 -50 15066597 
-42 -50 15066597 
-40 -50 15066597 
-38 -50 15066597 
-36 -50 15066597 
-34 -50 15066597 
-32 -50 15066597 
-30 -50 15066597 
-28 -50 15066597 
-26 -50 15066597 
-24 -50 15066597 
-22 -50 15066597 
-20 -50 15066597 
-18 -50 13421772 
-16 -50 15066597 
-14 -50 13421772 
-12 -50 15066597 
-10 -50 15066597 
-8 -50 15066597 
-6 -50 15066597 
-4 -50 15066597 
-2 -50 15066597 
0 -50 5066061 
2 -50 15066597 
4 -50 15066597 
6 -50 15066597 
8 -50 15066597 
10 -50 15066597 
12 -50 15066597 
14 -50 13421772 
16 -50 15066597 
18 -50 13421772 
20 -50 15066597 
22 -50 15066597 
24 -50 15066597 
26 -50 15066597 
28 -50 15066597 
30 -50 15066597 
32 -50 15066597 
34 -50 15066597 
36 -50 15066597 
38 -50 15066597 
40 -50 15066597 
42 -50 15066597 
44 -50 15066597 
46 -50 13421772 
48 -50 15066597 
50 -50 11776947 
-51 -51 11776947 
-49 -51 11776947 
-47 -51 13421772 
-45 -51 13421772 
-43 -51 15066597 
-41 -51 15066597 
-39 -51 15066597 
-37 -51 15066597 
-35 -51 15066597 
-33 -51 15066597 
-31 -51 15066597 
-29 -51 15066597 
-27 -51 15066597 
-25 -51 15066597 
-23 -51 15066597 
-21 -51 15066597 
-19 -51 13421772 
-17 -51 13421772 
-15 -51 13421772 
-13 -51 13421772 
-11 -51 15066597 
-9 -51 15066597 
-7 -51 15066597 
-5 -51 15066597 
-3 -51 15066597 
-1 -51 5066061 
1 -51 5066061 
3 -51 15066597 
5 -51 15066597 
7 -51 15066597 
9 -51 15066597 
11 -51 15066597 
13 -51 13421772 
15 -51 13421772 
17 -51 13421772 
19 -51 13421772 
21 -51 15066597 
23 -51 15066597 
25 -51 15066597 
27 -51 15066597 
29 -51 15066597 
31 -51 15066597 
33 -51 15066597 
35 -51 15066597 
37 -51 15066597 
39 -51 15066597 
41 -51 15066597 
43 -51 15066597 
45 -51 13421772 
47 -51 13421772 
49 -51 11776947 
51 -51 11776947 
-52 -52 11776947 
-50 -52 5066061 
-48 -52 10066329 
-46 -52 15066597 
-44 -52 13421772 
-42 -52 15066597 
-40 -52 15066597 
-38 -52 15066597 
-36 -52 15066597 
-34 -52 15066597 
-32 -52 15066597 
-30 -52 15066597 
-28 -52 15066597 
-26 -52 15066597 
-24 -52 15066597 
-22 -52 15066597 
-20 -52 13421772 
-18 -52 15066597 
-16 -52 15066597 
-14 -52 15066597 
-12 -52 13421772 
-10 -52 15066597 
-8 -52 15066597 
-6 -52 15066597 
-4 -52 15066597 
-2 -52 5066061 
0 -52 8355711 
2 -52 5066061 
4 -52 15066597 
6 -52 15066597 
8 -52 15066597 
10 -52 15066597 
12 -52 13421772 
14 -52 15066597 
16 -52 15066597 
18 -52 15066597 
20 -52 13421772 
22 -52 15066597 
24 -52 15066597 
26 -52 15066597 
28 -52 15066597 
30 -52 15066597 
32 -52 15066597 
34 -52 15066597 
36 -52 15066597 
38 -52 15066597 
40 -52 15066597 
42 -52 15066597 
44 -52 13421772 
46 -52 15066597 
48 -52 10066329 
50 -52 5066061 
52 -52 11776947 
-53 -53 11776947 
-51 -53 3355443 
-49 -53 6710886 
-47 -53 10066329 
-45 -53 13421772 
-43 -53 13421772 
-41 -53 15066597 
-39 -53 15066597 
-37 -53 15066597 
-35 -53 15066597 
-33 -53 15066597 
-31 -53 15066597 
-29 -53 15066597 
-27 -53 15066597 
-25 -53 15066597 
-23 -53 15066597 
-21 -53 13421772 
-19 -53 13421772 
-17 -53 15066597 
-15 -53 15066597 
-13 -53 13421772 
-11 -53 13421772 
-9 -53 15066597 
-7 -53 15066597 
-5 -53 15066597 
-3 -53 5066061 
-1 -53 10066329 
1 -53 10066329 
3 -53 5066061 
5 -53 15066597 
7 -53 15066597 
9 -53 15066597 
11 -53 13421772 
13 -53 13421772 
15 -53 15066597 
17 -53 15066597 
19 -53 13421772 
21 -53 13421772 
23 -53 15066597 
25 -53 15066597 
27 -53 15066597 
29 -53 15066597 
31 -53 15066597 
33 -53 15066597 
35 -53 15066597 
37 -53 15066597 
39 -53 15066597 
41 -53 15066597 
43 -53 13421772 
45 -53 13421772 
47 -53 10066329 
49 -53 6710886 
51 -53 3355443 
53 -53 11776947 
-54 -54 11776947 
-52 -54 8355711 
-50 -54 11776947 
-48 -54 8355711 
-46 -54 11776947 
-44 -54 15066597 
-42 -54 13421772 
-40 -54 15066597 
-38 -54 15066597 
-36 -54 15066597 
-34 -54 15066597 
-32 -54 15066597 
-30 -54 15066597 
-28 -54 15066597 
-26 -54 15066597 
-24 -54 15066597 
-22 -54 13421772 
-20 -54 15066597 
-18 -54 13421772 
-16 -54 15066597 
-14 -54 13421772 
-12 -54 15066597 
-10 -54 13421772 
-8 -54 15066597 
-6 -54 15066597 
-4 -54 5066061 
-2 -54 6710886 
0 -54 5066061 
2 -54 6710886 
4 -54 5066061 
6 -54 15066597 
8 -54 15066597 
10 -54 13421772 
12 -54 15066597 
14 -54 13421772 
16 -54 15066597 
18 -54 13421772 
20 -54 15066597 
22 -54 13421772 
24 -54 15066597 
26 -54 15066597 
28 -54 15066597 
30 -54 15066597 
32 -54 15066597 
34 -54 15066597 
36 -54 15066597 
38 -54 15066597 
40 -54 15066597 
42 -54 13421772 
44 -54 15066597 
46 -54 11776947 
48 -54 8355711 
50 -54 11776947 
52 -54 8355711 
54 -54 11776947 
-55 -55 11776947 
-53 -55 13421772 
-51 -55 13421772 
-49 -55 13421772 
-47 -55 13421772 
-45 -55 11776947 
-43 -55 13421772 
-41 -55 13421772 
-39 -55 15066597 
-37 -55 15066597 
-35 -55 15066597 
-33 -55 15066597 
-31 -55 15066597 
-29 -55 15066597 
-27 -55 15066597 
-25 -55 15066597 
-23 -55 13421772 
-21 -55 13421772 
-19 -55 13421772 
-17 -55 13421772 
-15 -55 13421772 
-13 -55 13421772 
-11 -55 13421772 
-9 -55 13421772 
-7 -55 15066597 
-5 -55 5066061 
-3 -55 15066597 
-1 -55 15066597 
1 -55 15066597 
3 -55 15066597 
5 -55 5066061 
7 -55 15066597 
9 -55 13421772 
11 -55 13421772 
13 -55 13421772 
15 -55 13421772 
17 -55 13421772 
19 -55 13421772 
21 -55 13421772 
23 -55 13421772 
25 -55 15066597 
27 -55 15066597 
29 -55 15066597 
31 -55 15066597 
33 -55 15066597 
35 -55 15066597 
37 -55 15066597 
39 -55 15066597 
41 -55 13421772 
43 -55 13421772 
45 -55 11776947 
47 -55 13421772 
49 -55 13421772 
51 -55 13421772 
53 -55 13421772 
55 -55 11776947 
-56 -56 11776947 
-54 -56 10066329 
-52 -56 15066597 
-50 -56 15066597 
-48 -56 15066597 
-46 -56 10066329 
-44 -56 10066329 
-42 -56 15066597 
-40 -56 13421772 
-38 -56 15066597 
-36 -56 15066597 
-34 -56 15066597 
-32 -56 15066597 
-30 -56 15066597 
-28 -56 15066597 
-26 -56 15066597 
-24 -56 13421772 
-22 -56 15066597 
-20 -56 15066597 
-18 -56 15066597 
-16 -56 15066597 
-14 -56 15066597 
-12 -56 15066597 
-10 -56 15066597 
-8 -56 13421772 
-6 -56 5066061 
-4 -56 5066061 
-2 -56 15066597 
0 -56 15066597 
2 -56 15066597 
4 -56 5066061 
6 -56 5066061 
8 -56 13421772 
10 -56 15066597 
12 -56 15066597 
14 -56 15066597 
16 -56 15066597 
18 -56 15066597 
20 -56 15066597 
22 -56 15066597 
24 -56 13421772 
26 -56 15066597 
28 -56 15066597 
30 -56 15066597 
32 -56 15066597 
34 -56 15066597 
36 -56 15066597 
38 -56 15066597 
40 -56 13421772 
42 -56 15066597 
44 -56 10066329 
46 -56 10066329 
48 -56 15066597 
50 -56 15066597 
52 -56 15066597 
54 -56 10066329 
56 -56 11776947 
-57 -57 11776947 
-55 -57 1710618 
-53 -57 10066329 
-51 -57 15066597 
-49 -57 15066597 
-47 -57 10066329 
-45 -57 5066061 
-43 -57 10066329 
-41 -57 13421772 
-39 -57 13421772 
-37 -57 15066597 
-35 -57 15066597 
-33 -57 15066597 
-31 -57 15066597 
-29 -57 15066597 
-27 -57 15066597 
-25 -57 13421772 
-23 -57 13421772 
-21 -57 15066597 
-19 -57 15066597 
-17 -57 15066597 
-15 -57 15066597 
-13 -57 15066597 
-11 -57 15066597 
-9 -57 13421772 
-7 -57 1710618 
-5 -57 8355711 
-3 -57 5066061 
-1 -57 15066597 
1 -57 15066597 
3 -57 5066061 
5 -57 8355711 
7 -57 1710618 
9 -57 13421772 
11 -57 15066597 
13 -57 15066597 
15 -57 15066597 
17 -57 15066597 
19 -57 15066597 
21 -57 15066597 
23 -57 13421772 
25 -57 13421772 
27 -57 15066597 
29 -57 15066597 
31 -57 15066597 
33 -57 15066597 
35 -57 15066597 
37 -57 15066597 
39 -57 13421772 
41 -57 13421772 
43 -57 10066329 
45 -57 5066061 
47 -57 10066329 
49 -57 15066597 
51 -57 15066597 
53 -57 10066329 
55 -57 1710618 
57 -57 11776947 
-58 -58 11776947 
-56 -58 6710886 
-54 -58 3355443 
-52 -58 10066329 
-50 -58 15066597 
-48 -58 10066329 
-46 -58 6710886 
-44 -58 6710886 
-42 -58 11776947 
-40 -58 15066597 
-38 -58 13421772 
-36 -58 15066597 
-34 -58 15066597 
-32 -58 15066597 
-30 -58 15066597 
-28 -58 15066597 
-26 -58 13421772 
-24 -58 15066597 
-22 -58 13421772 
-20 -58 15066597 
-18 -58 15066597 
-16 -58 15066597 
-14 -58 15066597 
-12 -58 15066597 
-10 -58 13421772 
-8 -58 5066061 
-6 -58 11776947 
-4 -58 10066329 
-2 -58 5066061 
0 -58 15066597 
2 -58 5066061 
4 -58 10066329 
6 -58 11776947 
8 -58 5066061 
10 -58 13421772 
12 -58 15066597 
14 -58 15066597 
16 -58 15066597 
18 -58 15066597 
20 -58 15066597 
22 -58 13421772 
24 -58 15066597 
26 -58 13421772 
28 -58 15066597 
30 -58 15066597 
32 -58 15066597 
34 -58 15066597 
36 -58 15066597 
38 -58 13421772 
40 -58 15066597 
42 -58 11776947 
44 -58 6710886 
46 -58 6710886 
48 -58 10066329 
50 -58 15066597 
52 -58 10066329 
54 -58 3355443 
56 -58 6710886 
58 -58 11776947 
-59 -59 11776947 
-57 -59 0 
-55 -59 11776947 
-53 -59 0 
-51 -59 10066329 
-49 -59 10066329 
-47 -59 8355711 
-45 -59 10066329 
-43 -59 0 
-41 -59 11776947 
-39 -59 13421772 
-37 -59 13421772 
-35 -59 15066597 
-33 -59 15066597 
-31 -59 15066597 
-29 -59 15066597 
-27 -59 13421772 
-25 -59 13421772 
-23 -59 13421772 
-21 -59 13421772 
-19 -59 15066597 
-17 -59 15066597 
-15 -59 15066597 
-13 -59 15066597 
-11 -59 13421772 
-9 -59 1710618 
-7 -59 3355443 
-5 -59 1710618 
-3 -59 6710886 
-1 -59 5066061 
1 -59 5066061 
3 -59 6710886 
5 -59 1710618 
7 -59 3355443 
9 -59 1710618 
11 -59 13421772 
13 -59 15066597 
15 -59 15066597 
17 -59 15066597 
19 -59 15066597 
21 -59 13421772 
23 -59 13421772 
25 -59 13421772 
27 -59 13421772 
29 -59 15066597 
31 -59 15066597 
33 -59 15066597 
35 -59 15066597 
37 -59 13421772 
39 -59 13421772 
41 -59 11776947 
43 -59 0 
45 -59 10066329 
47 -59 8355711 
49 -59 10066329 
51 -59 10066329 
53 -59 0 
55 -59 11776947 
57 -59 0 
59 -59 11776947 
-60 -60 11776947 
-58 -60 15066597 
-56 -60 15066597 
-54 -60 15066597 
-52 -60 13421772 
-50 -60 5066061 
-48 -60 15066597 
-46 -60 15066597 
-44 -60 13421772 
-42 -60 15066597 
-40 -60 10066329 
-38 -60 15066597 
-36 -60 13421772 
-34 -60 15066597 
-32 -60 15066597 
-30 -60 15066597 
-28 -60 13421772 
-26 -60 15066597 
-24 -60 15066597 
-22 -60 15066597 
-20 -60 13421772 
-18 -60 15066597 
-16 -60 15066597 
-14 -60 15066597 
-12 -60 13421772 
-10 -60 5066061 
-8 -60 15066597 
-6 -60 15066597 
-4 -60 13421772 
-2 -60 15066597 
0 -60 8355711 
2 -60 15066597 
4 -60 13421772 
6 -60 15066597 
8 -60 15066597 
10 -60 5066061 
12 -60 13421772 
14 -60 15066597 
16 -60 15066597 
18 -60 15066597 
20 -60 13421772 
22 -60 15066597 
24 -60 15066597 
26 -60 15066597 
28 -60 13421772 
30 -60 15066597 
32 -60 15066597 
34 -60 15066597 
36 -60 13421772 
38 -60 15066597 
40 -60 10066329 
42 -60 15066597 
44 -60 13421772 
46 -60 15066597 
48 -60 15066597 
50 -60 5066061 
52 -60 13421772 
54 -60 15066597 
56 -60 15066597 
58 -60 15066597 
60 -60 11776947 
-61 -61 11776947 
-59 -61 11776947 
-57 -61 15066597 
-55 -61 15066597 
-53 -61 13421772 
-51 -61 1710618 
-49 -61 5066061 
-47 -61 15066597 
-45 -61 13421772 
-43 -61 13421772 
-41 -61 10066329 
-39 -61 10066329 
-37 -61 13421772 
-35 -61 13421772 
-33 -61 15066597 
-31 -61 15066597 
-29 -61 13421772 
-27 -61 13421772 
-25 -61 15066597 
-23 -61 15066597 
-21 -61 13421772 
-19 -61 13421772 
-17 -61 15066597 
-15 -61 15066597 
-13 -61 13421772 
-11 -61 1710618 
-9 -61 5066061 
-7 -61 15066597 
-5 -61 13421772 
-3 -61 13421772 
-1 -61 8355711 
1 -61 8355711 
3 -61 13421772 
5 -61 13421772 
7 -61 15066597 
9 -61 5066061 
11 -61 1710618 
13 -61 13421772 
15 -61 15066597 
17 -61 15066597 
19 -61 13421772 
21 -61 13421772 
23 -61 15066597 
25 -61 15066597 
27 -61 13421772 
29 -61 13421772 
31 -61 15066597 
33 -61 15066597 
35 -61 13421772 
37 -61 13421772 
39 -61 10066329 
41 -61 10066329 
43 -61 13421772 
45 -61 13421772 
47 -61 15066597 
49 -61 5066061 
51 -61 1710618 
53 -61 13421772 
55 -61 15066597 
57 -61 15066597 
59 -61 11776947 
61 -61 11776947 
-62 -62 11776947 
-60 -62 5066061 
-58 -62 11776947 
-56 -62 15066597 
-54 -62 13421772 
-52 -62 5066061 
-50 -62 0 
-48 -62 5066061 
-46 -62 13421772 
-44 -62 15066597 
-42 -62 11776947 
-40 -62 5066061 
-38 -62 11776947 
-36 -62 15066597 
-34 -62 13421772 
-32 -62 15066597 
-30 -62 13421772 
-28 -62 15066597 
-26 -62 13421772 
-24 -62 15066597 
-22 -62 13421772 
-20 -62 15066597 
-18 -62 13421772 
-16 -62 15066597 
-14 -62 13421772 
-12 -62 5066061 
-10 -62 0 
-8 -62 5066061 
-6 -62 13421772 
-4 -62 15066597 
-2 -62 0 
0 -62 6710886 
2 -62 0 
4 -62 15066597 
6 -62 13421772 
8 -62 5066061 
10 -62 0 
12 -62 5066061 
14 -62 13421772 
16 -62 15066597 
18 -62 13421772 
20 -62 15066597 
22 -62 13421772 
24 -62 15066597 
26 -62 13421772 
28 -62 15066597 
30 -62 13421772 
32 -62 15066597 
34 -62 13421772 
36 -62 15066597 
38 -62 11776947 
40 -62 5066061 
42 -62 11776947 
44 -62 15066597 
46 -62 13421772 
48 -62 5066061 
50 -62 0 
52 -62 5066061 
54 -62 13421772 
56 -62 15066597 
58 -62 11776947 
60 -62 5066061 
62 -62 11776947 
-63 -63 11776947 
-61 -63 3355443 
-59 -63 3355443 
-57 -63 11776947 
-55 -63 13421772 
-53 -63 1710618 
-51 -63 11776947 
-49 -63 11776947 
-47 -63 1710618 
-45 -63 13421772 
-43 -63 11776947 
-41 -63 3355443 
-39 -63 3355443 
-37 -63 11776947 
-35 -63 13421772 
-33 -63 13421772 
-31 -63 13421772 
-29 -63 13421772 
-27 -63 13421772 
-25 -63 13421772 
-23 -63 13421772 
-21 -63 13421772 
-19 -63 13421772 
-17 -63 13421772 
-15 -63 13421772 
-13 -63 1710618 
-11 -63 11776947 
-9 -63 11776947 
-7 -63 1710618 
-5 -63 13421772 
-3 -63 0 
-1 -63 1710618 
1 -63 1710618 
3 -63 0 
5 -63 13421772 
7 -63 1710618 
9 -63 11776947 
11 -63 11776947 
13 -63 1710618 
15 -63 13421772 
17 -63 13421772 
19 -63 13421772 
21 -63 13421772 
23 -63 13421772 
25 -63 13421772 
27 -63 13421772 
29 -63 13421772 
31 -63 13421772 
33 -63 13421772 
35 -63 13421772 
37 -63 11776947 
39 -63 3355443 
41 -63 3355443 
43 -63 11776947 
45 -63 13421772 
47 -63 1710618 
49 -63 11776947 
51 -63 11776947 
53 -63 1710618 
55 -63 13421772 
57 -63 11776947 
59 -63 3355443 
61 -63 3355443 
63 -63 11776947 
