-1.0 0.0 
-0.9567362230696149 -0.02775313103299252 
-0.8881728719088422 -0.05068075284639602 
-0.7902043020174069 -0.06812560516884057 
-0.6707841518797566 -0.07680238988268002 
-0.5230776747402456 -0.07531417523220979 
-0.35928120396396523 -0.06204300116961028 
-0.1701737244140781 -0.03449592171862082 
0.02852410946216029 0.0066185832037795175 
0.24792036539842183 0.06515639533092527 
0.47779095160022483 0.14050004632954183 
0.7063230637799444 0.22937391278338595 
0.9462696874574364 0.3379279163773467 
1.177641414199588 0.45811905157805327 
1.4133874672019084 0.597570636582473 
1.6339233136555407 0.745400018270978 
1.8516690470298707 0.9104988057637822 
2.0553867912109967 1.085780777432009 
2.23601204178187 1.2625017001101655 
2.4039060285946166 1.4507931776096121 
2.545402908714712 1.6351166783959985 
2.6688106822599305 1.8258316222295232 
2.7642972008867575 2.0070344826837387 
2.83773106706033 2.1887676484701335 
2.8835617182335267 2.3557680857913925 
2.9049968819222665 2.5172026192663095 
2.9003235635768143 2.6642542156137257 
2.8718045124926865 2.790275327844389 
2.818596324566274 2.9021354525338783 
2.745855665753497 2.9903776887546187 
2.6502716036132923 3.0598251613667613 
2.54050449608676 3.1046377679906416 
2.4111146954319893 3.127320269806184 
2.2734891812874096 3.1260473589042554 
2.1205038358100214 3.100886912164726 
1.9597132374521455 3.0520725341164376 
1.7997479368159188 2.9834834713328355 
1.631915936944676 2.8916556853920103 
1.4703018344496261 2.7846595886273575 
1.3058356410925949 2.6570267201178552 
1.152025669703936 2.5199341986310118 
0.9999074759315556 2.36634718059711 
0.8568653826974594 2.203987684049159 
0.7287380424359439 2.0419337509993056 
0.6074509339587278 1.8718530852542452 
0.5020587272671609 1.7086097877182398 
0.40539462113255004 1.5438072665953766 
0.32412499654493715 1.391846736861082 
0.2520920342709325 1.24491121874143 
0.19360574694253047 1.1158404860707496 
0.14348664589538562 0.997995200675878 
0.10269815745063464 0.8985744707003823 
0.07069131474418608 0.8219206934431379 
0.04344429924067088 0.7640912204060917 
0.02103115839327542 0.7301398199188897 
-1.4630260636662093e-4 0.7183203321682996 
-0.020584712444696167 0.7296657420616502 
-0.04379484077743017 0.7647596479427861 
-0.07008229025307927 0.8205352439599289 
-0.10321659834698278 0.8998613736893833 
-0.14412759896508323 0.9995625386037457 
-0.1924860572281881 1.1133040254327704 
-0.25303097854677575 1.246936608460281 
-0.3225439430544817 1.3887829747717813 
-0.40668048186618677 1.5461399349377174 
-0.49997591158783644 1.7052572199919924 
-0.6090954772642979 1.8743199048449075 
-0.7305567962776968 2.044398877150581 
-0.8588404837628733 2.2064063206521167 
-1.0020272844987645 2.3686722464204704 
-1.148886192744741 2.517010786812423 
-1.308170847124549 2.659041438845268 
-1.4669673379230603 2.7823366954054296 
-1.6343495604315428 2.893213869836573 
-1.796413630697193 2.981950400445477 
-1.9621059039228204 3.053062757825572 
-2.122818080392661 3.1015588635013125 
-2.2705761203959476 3.1259348860777947 
-2.413160410266865 3.1273383416938327 
-2.5381546181889902 3.1055195234519797 
-2.6519049925150013 3.059191996199764 
-2.7442748649368442 2.992213785366727 
-2.8196939389091504 2.9009003118858567 
-2.871161238035429 2.7929601859343296 
-2.9007936049010747 2.6625080843190347 
-2.9051251968381777 2.5152426103861996 
-2.8845323342611873 2.3594129471895204 
-2.8371725235036833 2.186494152090226 
-2.7663734837628033 2.0110468345303834 
-2.667586166078902 1.823399107810341 
-2.5485305212963505 1.639260272231215 
-2.4020857391265453 1.4483600603468427 
-2.233930626834282 1.2601266785910825 
-2.053087091127669 1.0834964652956491 
-1.8491830966684657 0.9083412210274686 
-1.6390075848086092 0.748893318069744 
-1.4106691215412526 0.5957441064149437 
-1.1830948612090773 0.4610479794512819 
-0.9435144969152452 0.33651070469420996 
-0.7118645344763265 0.23163994072969596 
-0.4752046389252934 0.13952922425859307 
-0.245498202043175 0.06441292366960774 
-0.033661682042789444 0.007831705025674124 
0.17212880399754477 -0.03481924477932208 
0.3547363320668264 -0.06147469061217705 
0.5243963667997462 -0.07528601759474056 
0.6670416623397564 -0.07677442253862632 
0.7907540664920247 -0.06784850823966028 
0.8853825949825257 -0.05104798616080222 
0.9564305287014309 -0.02735434161753033 
0.9992423915834323 4.070378236512457e-4 
1.0134835210305757 0.028798124357567425 
1.000343094243037 0.05749021139934593 
0.9613457501531256 0.08230621210854 
0.8948165626342242 0.1028225967994837 
0.8068240508939707 0.1156807274273142 
0.6930445312584352 0.11997015871889177 
0.558601426439034 0.11347102895411869 
0.41175998792649 0.09571938180287547 
0.24497536595427713 0.06448910850330397 
0.07277010425654604 0.021352056021328662 
-0.11383000720198296 -0.037016834225225705 
-0.29868697658184157 -0.10646630640684103 
-0.4915436604884246 -0.19144795434525946 
-0.6758233206592094 -0.2852615099141197 
-0.8613466386307614 -0.3933725198713295 
-1.0381936479471208 -0.5110236572923857 
-1.1978328340501616 -0.6318607061967092 
-1.3489516871129872 -0.7623726991941183 
-1.4788322964164653 -0.8913021371012904 
-1.5946962210276323 -1.025319323766488 
-1.6869573288137698 -1.1526424752912605 
-1.7609432861014225 -1.279639159194609 
-1.8107543598836864 -1.3949404177550646 
-1.8395490137515584 -1.5040964558096022 
-1.8451896603205378 -1.600187784034768 
-1.8291179389244374 -1.6782407605895302 
-1.791068943752353 -1.7416402310686856 
-1.7348779888088495 -1.7841803464161512 
-1.6581545535325128 -1.8072925725375066 
-1.568039486181992 -1.808186286798755 
-1.4603042326855715 -1.7860569265884705 
-1.340387431683468 -1.7400059251965152 
-1.2155539599248082 -1.6728186524819235 
-1.0795942082223424 -1.5801093671561885 
-0.944517047409376 -1.4690824061828238 
-0.8034252618270483 -1.3330839613446541 
-0.6686130073628876 -1.1831028554017837 
-0.5330168683402096 -1.0104972751735852 
-0.4082722080427126 -0.8294826569289037 
-0.2876408457540861 -0.6298622942337253 
-0.17766719272339426 -0.4209393261384924 
-0.08314723454169194 -0.21349256966806976 
0.001401076136770376 0.003930891496587562 
0.06927386244608741 0.2130364980505201 
0.12477398740429178 0.42527208472950867 
0.16391276216732398 0.6227033626298304 
0.1896920076480661 0.8160738426801878 
0.20087943409825582 0.9889934414769431 
0.1991939224764857 1.1508307342763457 
0.18527054928128345 1.2923525146068646 
0.16169878352728662 1.4074161644773189 
0.1285864441916857 1.502228645440989 
0.09012613927284824 1.5687188307957027 
0.04573179040130449 1.6104665795277988 
6.316706994035972e-4 1.623913936041681 
-0.04607006508432626 1.6097816218778662 
-0.09039618253392133 1.5673416613641287 
-0.12874767512077795 1.5001921568479486 
-0.16170397351181776 1.4047106672664538 
-0.18508470187556178 1.2890185689121614 
-0.19877032245043766 1.1468680530290998 
-0.20035040749293848 0.9903378818660692 
-0.18869203917535185 0.8109553292643963 
-0.16371852550914417 0.6239368508778809 
-0.1230710921839906 0.41912352699895844 
-0.06717240465899972 0.20641806380505384 
0.0011072899853015225 -0.00310445848954626 
0.08609668768585059 -0.2209206502235659 
0.18105846175607387 -0.42870838378196924 
0.29150316167342244 -0.6379449096514989 
0.40828304104762125 -0.8311359677350024 
0.5378338460861447 -1.0190809409760573 
0.6691499327737132 -1.1862064342376937 
0.8092192455315226 -1.3420235280307553 
0.9508118295131269 -1.478151575956718 
1.0863731480171293 -1.5892734202431713 
1.2228341398278773 -1.6820519818729345 
1.3481509493160229 -1.7492804810492482 
1.4685676979117241 -1.7953500951383068 
1.573301044380677 -1.817107763613139 
1.6674007311308972 -1.816560517358901 
1.7446261775755525 -1.793408663621568 
1.801304973112998 -1.750815791675025 
1.8398643018075698 -1.6873484202219005 
1.8564356239248294 -1.609218455189701 
1.8513217857316733 -1.5130366372548656 
1.8244271496199458 -1.4077364543065007 
1.7737887232174894 -1.288371927876344 
1.7032750367498288 -1.1657365632603813 
1.6086796113909387 -1.0338052494171763 
1.4934255711521287 -0.8996456078724916 
1.3641562894019539 -0.7705661301192058 
1.2136956545624835 -0.6398839601131417 
1.0547175753891065 -0.5188662310707112 
0.8785828675158414 -0.40100847196012035 
0.7002810426269555 -0.2962270515281621 
0.5102638734040499 -0.19860868673576207 
0.32482315384890853 -0.11606737396893749 
0.13414435563644708 -0.04359000548484975 
-0.0516047894789294 0.015129328428274726 
-0.2229650988857474 0.05864202999073556 
-0.3888528128530645 0.09030328612601993 
-0.5348099988596607 0.10851453419218361 
-0.668321710404049 0.11553765589094209 
-0.7776383684064638 0.11211362363514589 
-0.8682322910645641 0.09957249900129254 
-0.9338076057299344 0.07973965903064094 
-0.9718857172069562 0.055638245150766645 
-0.9840809684753439 0.02774397148555816 
-0.9689389029347689 1.7955133734929557e-4 
-0.9252113192385554 -0.026667060800110273 
-0.8562135916034521 -0.048697920965691546 
-0.757807543563132 -0.0651911261807589 
-0.6379756812245031 -0.07292616840765093 
-0.4898526767734425 -0.07043769525022624 
-0.3194423318335166 -0.055431413039772004 
-0.13615598907329055 -0.027573918920796615 
0.0702862386378485 0.01636920244291939 
0.2826989885422504 0.07424062583936557 
0.5129440873048157 0.15073397316920406 
0.7418287763044504 0.24075221258424 
0.9821299552506917 0.3505289944816541 
1.2138321474129616 0.47193880263007226 
1.4499060677914903 0.6126937727763169 
1.6784601985810497 0.7673704942893498 
1.8887790812755505 0.9283118826344933 
2.0927645375808623 1.1050300085366578 
2.2736225341500633 1.2831818373650659 
2.44172705101433 1.473001525650143 
2.583393804245991 1.6588450946782993 
2.7069386346977664 1.8511800585388944 
2.805485817753018 2.0404322751087256 
2.8759956447356956 2.217431585296359 
2.9229983810411557 2.391959822490473 
2.9431927249438523 2.549344873919946 
2.9383945212792764 2.6982226118170574 
2.909691936597208 2.8260391407498395 
2.8562244836031834 2.939788667029529 
2.78316316947702 3.0298802769552937 
2.6871707587796076 3.101264995064763 
2.5727045865357137 3.149219396845114 
2.4469735271763846 3.1726147445685937 
2.3035786595571595 3.1728513343112623 
2.1549918084203545 3.1500669362529803 
1.993372564689521 3.1032288558742143 
1.83252186484487 3.0365411958258313 
1.6636839375085015 2.9466708073695207 
1.5010126453463646 2.8415485221805943 
1.3353627712056155 2.715835083127464 
1.1749015767582869 2.5755197247700408 
1.0268478357418267 2.4288478906882744 
0.8823595866926202 2.268317967721243 
0.7527546259998634 2.1079945080904983 
0.629854658491541 1.9396655971884014 
0.5228274317039804 1.778071784001831 
0.4243914058865423 1.6149317810893626 
0.3385856261909478 1.4593242732903444 
0.2673815933198372 1.319159240522046 
0.20500044850904364 1.1872551995121998 
0.15478512527216057 1.0751652822909696 
0.11186212723153637 0.9771510781518761 
0.07773014689412627 0.9018030939307017 
0.04821714568665679 0.8452714586178444 
0.0235547553336852 0.812520100251085 
-1.472750133509002e-5 0.8018883192667369 
-0.02366190309291883 0.815182394302606 
-0.048546602169819535 0.8504975552128086 
-0.07844195284048448 0.9096707225105155 
-0.11308923615513068 0.9875492378349433 
-0.1566962513733971 1.0881569112543905 
-0.20771585864775113 1.2027179450710501 
-0.27107738780671614 1.3371406104927592 
-0.3433684915671698 1.4796918352565012 
-0.4304435273906465 1.6377171253748504 
-0.5302922413205069 1.8032139449381 
-0.6388169910902927 1.967019530990953 
-0.7634034128297281 2.137567175239237 
-0.8947645097826089 2.2999577638274764 
-1.0412007322441397 2.462545220633153 
-1.191256629114464 2.611117878467356 
-1.3539135284025223 2.75330783808911 
-1.5218794173444152 2.88079492726606 
-1.686897199068895 2.987529163636773 
-1.8582755993221531 3.078960208741889 
-2.021681516967873 3.147045252771355 
-2.1860488924174075 3.195212879899991 
-2.3373830079573796 3.219163282443051 
-2.4837159413967385 3.220008405592998 
-2.6123687909404962 3.1975321840770765 
-2.729944415141046 3.1503962617705135 
-2.829126109234549 3.079690590174893 
-2.9053377015800117 2.990119018361539 
-2.9621364031795014 2.876764407353683 
-2.994116561806139 2.7491874596208636 
-3.002367542096285 2.6004081025972106 
-2.985557964413615 2.4429707347931195 
-2.9421083157033023 2.2682330417352463 
-2.8750695665670722 2.090879130569964 
-2.780153730746846 1.9010994099359595 
-2.660271314285602 1.7080715659164614 
-2.5221644759370627 1.5214000229852402 
-2.3577656401889304 1.3305561403194865 
-2.18049766735349 1.151252787942617 
-1.9802367397170642 0.9731718991532852 
-1.7735139220554306 0.8107490785468712 
-1.5486777286467388 0.6543651448366921 
-1.3244077090136226 0.516399821294545 
-1.0881635579904254 0.38832806146893 
-0.8515199883927065 0.27631669366094197 
-0.6261341268486106 0.1839710625549417 
-0.3994718701757947 0.10489109847737278 
-0.19047199802151407 0.044352299045820893 
0.01249084093977923 -0.002529131518528083 
0.19247827904682033 -0.03339262031591907 
0.3595420001157795 -0.051686370127861196 
0.5043973162852315 -0.05763823009529348 
0.6211563118309578 -0.05341258680485152 
0.7164723335457551 -0.04072360818600864 
0.7825831361910223 -0.022527365972724464 
0.823428154974672 1.828333570068898e-4 
0.835897891331064 0.023597008290525304 
0.8210570122477098 0.04703390311308133 
0.7805493551754099 0.06668151740383385 
0.7125941826925339 0.08174979126559918 
0.6197663895220603 0.08937615450752691 
0.5084380412354741 0.08791663237259552 
0.3729998228452904 0.07569703502057848 
0.22534038991263844 0.05233952092674316 
0.05785941218348236 0.015219870967673079 
-0.11486947727114274 -0.03368165095384752 
-0.30185440111164474 -0.09809938976621489 
-0.48692722802715727 -0.17346243534409483 
-0.679842177966732 -0.2646419669192425 
-0.8705139873652319 -0.3682752713946535 
-1.049252213142553 -0.47895304904085745 
-1.2256316428974778 -0.6030029858850529 
-1.3846417405223885 -0.7300750614437493 
-1.5349198981872523 -0.8670991367536077 
-1.6638011528687677 -1.0023638424702241 
-1.7784303510760626 -1.1429865280835998 
-1.8721707234446479 -1.2814312548498235 
-1.9416374785515758 -1.4103959745993973 
-1.990959543340472 -1.536350298262439 
-2.0163567642702898 -1.6480389268848346 
-2.019682897216166 -1.7508564080791766 
-2.001154923634844 -1.835404163042161 
-1.960328431069256 -1.9055219841763658 
-1.9012268116098243 -1.9545317345534092 
-1.8212484722035025 -1.984317241059804 
-1.7241469348356215 -1.9914773176223155 
-1.616278147113954 -1.9760768489930582 
-1.4923677221316554 -1.9365547036349946 
-1.3634395001843118 -1.8756045200874125 
-1.2229911565450198 -1.7892752577314106 
-1.083341514935572 -1.6843209192372712 
-0.9372678169747456 -1.554510670673782 
-0.7974094272172667 -1.4103963729439573 
-0.6563448279432155 -1.2437447611849626 
-0.5215718274911223 -1.0618548941953607 
-0.39951463955270666 -0.8744093787322016 
-0.2833620025999509 -0.6710104358057649 
-0.18265694282201345 -0.4687412848134997 
-0.09148066512814138 -0.25650995013470107 
-0.016999355087942314 -0.05224484747283159 
0.04555607039735895 0.15516410310704284 
0.09309502352207176 0.3548413834078137 
0.12494208005020507 0.5370619243772218 
0.1439434169804528 0.7116509899535733 
0.14966558497913385 0.8637313404219578 
0.14375883123174693 1.001466875029094 
0.12809270219028485 1.1130918758457014 
0.10333279529306065 1.2045725541014884 
0.07308911113513916 1.2680718739355672 
0.03735562597816331 1.3069602701430376 
-5.609965449479302e-4 1.317782765973732 
-0.03700254265444724 1.3013772626612432 
-0.07225322573801972 1.2568200159166731 
-0.10172224116712382 1.1878704512092961 
-0.12536098775574933 1.0907809058371827 
-0.13963774976888332 0.9737868272222345 
-0.14378901806251485 0.8305507404759249 
-0.13606790818612374 0.673229499500519 
-0.11468342984177227 0.4932973309789762 
-0.07874689922687504 0.29911425127561414 
-0.02969568089469137 0.1011991957497325 
0.036170360277187584 -0.11122007997955202 
0.11413813762761285 -0.32019139893262044 
0.20922139596311834 -0.5371478964750483 
0.313979788525101 -0.7438226977047173 
0.43461609312566085 -0.9516092203617199 
0.5659587460189152 -1.1497462635343092 
0.7010809597273591 -1.3289961088187687 
0.8474511222929708 -1.4994262103836453 
0.9926801805571746 -1.6469684834688816 
1.1445643420584615 -1.780088114723373 
1.2900543159624742 -1.8879928726006976 
1.4367796656605671 -1.9771118895666484 
1.5719781056568805 -2.0404872062930832 
1.7025880669009792 -2.082231366096972 
1.8209619837488513 -2.099688289986827 
1.9212859521173495 -2.093936174940701 
2.0085061096524277 -2.065432724869784 
2.0747465889786842 -2.0173408662006964 
2.1231040842426814 -1.9478334431958062 
2.1490212275833995 -1.8635386914636571 
2.153454511185071 -1.760627464611227 
2.1356364742716143 -1.6484984707590042 
2.09423834666663 -1.5217198815638993 
2.0298846813658566 -1.3868440912044662 
1.94675998244493 -1.2515797247189506 
1.8401775514952894 -1.1089951991412073 
1.7190723283771534 -0.9714665391749804 
1.5768379624830025 -0.8317131050896724 
1.4255685856380054 -0.7016337842474273 
1.2571629906809665 -0.5740839759310359 
1.0798380507680334 -0.45574729618401816 
0.9032323612251715 -0.3517555405218532 
0.7180619378428952 -0.25592184900026693 
0.5403625664881944 -0.1757007116721803 
0.3608913310603645 -0.10587760311771215 
0.19528385655001906 -0.051400281638586294 
0.03502606753547647 -0.008140944347640013 
-0.10582013649167486 0.021491636697264102 
-0.23438226357340589 0.040564106173649764 
-0.34262586324402194 0.04911212822815418 
-0.4256109634642388 0.04889074754554535 
-0.4873139435797209 0.041703654057523624 
-0.522008813313001 0.029980866422394618 
-0.531073089942779 0.015070913532990312 
-0.5132724541059419 1.902261503687356e-4 
-0.46717283664457865 -0.013378526700517876 
-0.3962567285254235 -0.022463793178949153 
-0.2962523376929173 -0.02543009053672808 
-0.17050885419444559 -0.019631385406962954 
-0.026320430536051258 -0.0037797322075902784 
0.14449744823147984 0.025046420419549496 
0.32779087992640366 0.06632003445480097 
0.5338376360824393 0.12422298737674796 
0.7454771796829285 0.19562485418990355 
0.9745135789818439 0.28617481740795975 
1.2100238952663216 0.3937896051950615 
1.4401043180103583 0.5136823864136619 
1.6775788513133048 0.6538176616874841 
1.9026526919792663 0.8035975870287035 
2.1279143808534764 0.9723784891381057 
2.3346464464063303 1.1469131714665195 
2.534492272177411 1.3376723299413174 
2.710941310919504 1.5293324996449933 
2.8740506936103962 1.7330796973083735 
3.014946309300421 1.9394237907505631 
3.128166501740697 2.1383923116127295 
3.2204158576304187 2.341298941381012 
3.284426385283349 2.531366921535542 
3.3242638713278434 2.719296648946578 
3.3371214190824876 2.889477212740016 
3.3242916392795405 3.0514428840241012 
3.2874179713992104 3.1917220348611726 
3.225058380038723 3.3181829890091334 
3.139693554758293 3.423610089483089 
3.0372659053904387 3.503997760003978 
2.912632352540546 3.563973081062282 
2.7766853721860434 3.5987222874336173 
2.6223023230540847 3.6104403219441865 
2.4627193492130752 3.5984576767168237 
2.289318269388549 3.5624972374929222 
2.1104951130320497 3.5035999857113214 
1.9353410342630823 3.42633912155954 
1.7539828573715548 3.327003455864015 
1.5812965541758675 3.214505983999789 
1.4072251673007345 3.0832865773282396 
1.2457114597507095 2.9450138655372418 
1.086964983441937 2.792773615414545 
0.9432997621193002 2.6400473609836745 
0.8055472365549944 2.4791547184183598 
0.6797813359203961 2.3188312366979784 
0.5700879906734552 2.167715135149383 
0.46864292526076995 2.018180267616977 
0.3821166437048713 1.8834257041520983 
0.30365154894699653 1.7566491822197967 
0.2377149424689927 1.649044026427391 
0.17832632454930955 1.5551864214938635 
0.1281352019850406 1.4833754058900994 
0.08183843279313069 1.4300093859617775 
0.039420194643754715 1.3991497641540678 
2.322749774319883e-4 1.3913583895438737 
-0.04055906235672873 1.4062962387041429 
-0.08208183813680996 1.4427068695670235 
-0.1292821413573542 1.502503809957518 
-0.18069318091066455 1.5804901993413418 
-0.2417049831635378 1.680696667503981 
-0.31215726040192143 1.7987160535627666 
-0.3903620097660169 1.9273686970969177 
-0.482888441853059 2.073258662289676 
-0.5839950701941151 2.223613720681329 
-0.7012374102234384 2.3861320402754425 
-0.826511342796184 2.5465666185748317 
-0.9683841773513179 2.7131106152152444 
-1.1163626788397647 2.8711418023286663 
-1.279919426583981 3.0287036874565776 
-1.4524856777108155 3.1768500546902407 
-1.6259560672891917 3.30807930790343 
-1.810679290989976 3.4290081133851142 
-1.991730848978398 3.528922955919193 
-2.179549075258907 3.61278848990225 
-2.358651932665079 3.67308597616007 
-2.539078467435775 3.7126905422475476 
-2.7057108554437996 3.7278960106531205 
-2.867657374243566 3.7191933843799854 
-3.0160057932803563 3.6854505762704486 
-3.143823510238962 3.6293775688737475 
-3.257820288860726 3.5476718440378905 
-3.3480477809164255 3.4470257363659567 
-3.4190471727248655 3.3217378864061176 
-3.4644170875986733 3.182199201450195 
-3.486186220176534 3.0205835508236465 
-3.481465335497984 2.844020998101714 
-3.4513933655823834 2.6618887391194073 
-3.393870644929214 2.463949663432848 
-3.313333927124069 2.2665950333595553 
-3.20496546308149 2.0586403679336938 
-3.0775442785874856 1.8571897033006035 
-2.923751395392646 1.650672873078655 
-2.7562648321238328 1.4558978511777128 
-2.56564609348655 1.2614570703812367 
-2.3604658423960827 1.0767458405501509 
-2.1515414038100125 0.9095639592518111 
-1.9272673763294703 0.7496525758037196 
-1.7064234514184877 0.6093202108052351 
-1.476798456451274 0.47952091965908994 
-1.257657048472629 0.36977864990184367 
-1.0369038912176016 0.27246985113423067 
-0.8330642157144938 0.19414566414159395 
-0.6348758912481788 0.12867143608310022 
-0.4529747559441836 0.07820547472545075 
-0.2955023566086865 0.04253616999799387 
-0.1536786670891065 0.01758993965326156 
-0.03928458562224152 0.003385374419573012 
0.054165259472151436 -0.0030887717415745463 
0.11903749775638492 -0.0034486793296601226 
0.1591825605229049 5.847101939478655e-6 
0.17150019692538393 0.004981205281055582 
0.1571587501035813 0.008973554519244023 
0.11578973511940815 0.009986824471499973 
0.051312873892691215 0.0058770503560813606 
-0.039319838650834965 -0.005662853735628881 
-0.14798074087393534 -0.02555986884308162 
-0.28009267578253183 -0.05678830747526478 
-0.4240005532210336 -0.09839925457058744 
-0.5870413705272327 -0.15430444698688991 
-0.761100859209123 -0.22384102992572533 
-0.9364026076449102 -0.30412880189041386 
-1.1220430119251603 -0.40074583065859454 
-1.301917474146762 -0.5065192444073905 
-1.4854434589688394 -0.6280997390839017 
-1.656777770050479 -0.7558998037141113 
-1.8249723935871065 -0.8974548281682329 
-1.97558724547661 -1.0411929470085066 
-2.116666570966066 -1.1952191538886752 
-2.240126113390134 -1.352061811009582 
-2.34062965566384 -1.5036958323832705 
-2.423693232400532 -1.6582684515059853 
-2.48239306233156 -1.8024955552999729 
-2.520097282374686 -1.9439214793835247 
-2.5338353233654076 -2.070209169818498 
-2.524637418035095 -2.1877805249047495 
-2.4920916128165236 -2.289418744058614 
-2.43937610615513 -2.370297558785631 
-2.3640086791386437 -2.4342533853850767 
-2.272749899216855 -2.4753237409345608 
-2.1610343337337583 -2.49516994321996 
-2.038688583666912 -2.4915775464214733 
-1.899418094642747 -2.463814752282018 
-1.7553199857996318 -2.4137511623757297 
-1.5988237302264499 -2.338200174327475 
-1.4377721108592616 -2.239378311686687 
-1.2806247065397436 -2.123097293777609 
-1.1188606235367031 -1.9827230535031162 
-0.9661018592611103 -1.8298992036488644 
-0.8138484445194967 -1.6561178651370152 
-0.6746911741453729 -1.4759588927540468 
-0.5406170445586821 -1.279537081654381 
-0.4224242381986545 -1.0834478532608254 
-0.3129652964370866 -0.877034714002244 
-0.21764287503345775 -0.6707479389743687 
-0.13957022070605615 -0.47505086689794696 
-0.07336012510515724 -0.2794088160241458 
-0.023402060205415378 -0.10050905873983054 
0.014422674701935393 0.07123723957079654 
0.03836239668421936 0.22114866474403197 
0.05134773695133828 0.3572329741731484 
0.053856947376763845 0.4713837236097794 
0.04804447956471099 0.5588486925791942 
0.035471849527701174 0.6242776900857137 
0.019045522261462593 0.6620493508433187 
-1.6207088840140854e-4 0.674156995913187 
-0.018630697299627748 0.6595423854487296 
-0.03537904015358108 0.6174029021813727 
-0.04710925195983816 0.551324211271329 
-0.05252290394395788 0.45775586065781126 
-0.049074190533225814 0.34025384633823724 
-0.035631017385772484 0.20603818280648095 
-0.009723157336528381 0.047906688279803655 
0.02802584529992199 -0.12065125028230905 
0.08120820461051663 -0.308695668875668 
0.14667907809880443 -0.5002071611808111 
0.22929752065874195 -0.705510417143366 
0.32318218252620806 -0.9071535388897237 
0.4344705183857575 -1.1160563085764799 
0.5590982681771589 -1.3215059247212504 
0.6908349462157999 -1.5133526294018056 
0.8374603027742407 -1.7020981353300761 
0.9870193202014884 -1.8718723384797256 
1.1479995539582803 -2.0320765143306456 
1.3069930251802768 -2.1693581302200413 
1.4727673759324245 -2.291460463699267 
1.6369059535149388 -2.391424931923152 
1.7911537875288315 -2.4657167643462143 
1.943747822678011 -2.518811193547587 
2.0815605630844245 -2.5466700689958546 
2.211817814803957 -2.551325642792413 
2.323197189791748 -2.5329059305528467 
2.42142385837221 -2.4909770900880583 
2.4978529756376497 -2.429641054813086 
2.5562989145387083 -2.3461388926280025 
2.5923587920198186 -2.2442844525159975 
2.605064284922806 -2.130661408786095 
2.5948376525166625 -1.9995845472752098 
2.5623299785936435 -1.862571219955885 
2.50559935546989 -1.7125397757900875 
2.4293375994074458 -1.5624671091225484 
2.329341816887063 -1.4043817664856793 
2.2140873094755014 -1.2517462769066803 
2.077380805355438 -1.0962196767488541 
1.9254695298787157 -0.9457262541743277 
1.7669791814394622 -0.8072874877612369 
1.5935572299463032 -0.672911184657824 
1.4201966384851528 -0.5533856347021915 
1.237845112423583 -0.44143441963108043 
1.0623449061149548 -0.34564271680507375 
0.8846121311414327 -0.25970384581319456 
0.7144619708152626 -0.18742987840897646 
0.5605773880919729 -0.13040186452147026 
0.4151219473381816 -0.08395748017524127 
0.2909275335488309 -0.050405819298009066 
0.18178130591575997 -0.026090983481205438 
0.09743538691346762 -0.011210883860065983 
0.03382481562002542 -0.0029009949772952496 
-0.003183889295072051 1.8345430259127305e-4 
-0.015123400535024053 4.3198006349631264e-4 
4.473288863056464e-4 1.9864913655795086e-7 
0.04174867868762789 0.0011878230517803725 
0.1114164869425604 0.0064072665820797394 
0.20389256463695873 0.01746393257913415 
0.3245307922985512 0.037303630614685106 
0.463396998573346 0.06645825392842641 
0.6283087669566201 0.10878778104338069 
0.8055323005377656 0.16282331973898576 
1.0049253213203322 0.23364788740506698 
1.217302071894827 0.3204993209139833 
1.431488113182613 0.42008144047038143 
1.6593188167637096 0.5396679032664944 
1.8816822761380914 0.6707993500020505 
2.110864718693979 0.8222354583922644 
2.327655938392775 0.9825922037492055 
2.544066093280601 1.1619746644823938 
2.7488321579090624 1.353166138389039 
2.9324877400712928 1.5470344890743177 
3.1053104476919713 1.7551458277597372 
3.252969299499571 1.9607492968092266 
3.3838380453639143 2.1758342751224897 
3.4871880185337236 2.382868809979078 
3.5690315914832587 2.593737908685803 
3.62283066983882 2.7911112728215994 
3.6519345724326 2.9862067020086065 
3.6539087021395598 3.168982633645003 
3.630449785891464 3.3312330248644115 
3.5806976586698807 3.4821358822653874 
3.5092402174635393 3.609232252987839 
3.4125506490082365 3.719757133639964 
3.299114625757913 3.804659638314639 
3.1630170626685854 3.868886970109088 
3.0159549682828204 3.907330288290031 
2.850026613424227 3.922446973315452 
2.6730221057508694 3.9125815284450267 
2.494311199951975 3.8799136730155124 
2.3039344257988192 3.823122542837281 
2.1176526149644657 3.747482764774024 
1.9248137116883328 3.649400739636834 
1.7411008042967633 3.537705462998722 
1.5556854673663505 3.406897494891505 
1.377294366596252 3.2634995923063284 
1.2134187846702273 3.115966962838305 
1.0537949515991787 2.9568948351672817 
0.9104839894941331 2.8003426404206784 
0.7739981964967046 2.6384072169734 
0.6541197530309929 2.4853669169552743 
0.5423117519257155 2.3334676442097884 
0.44597314515282654 2.1960813810107203 
0.3575593583114358 2.0662290011178412 
0.2797147665082488 1.951657365347898 
0.21336638060325616 1.8577294975654741 
0.15226762151132625 1.7796565165298355 
0.09900031696932339 1.724287180225199 
0.04789370789147042 1.6887857894519414 
5.904570071317575e-4 1.6762520253398265 
-0.04831399264530432 1.6860232345137796 
-0.09738049775662569 1.7172139931116475 
-0.15208682700628667 1.771380597048893 
-0.21264802229165106 1.8466608575046584 
-0.2783281331715161 1.9379045354457256 
-0.3553250633348419 2.049712534446334 
-0.4395327187496887 2.172212443281755 
-0.5379459940092343 2.31158445516306 
-0.6444151504017914 2.455520572392258 
-0.7668770512237915 2.6112756514111157 
-0.9017191401973502 2.770600337213383 
-1.0432874759834203 2.9246780527153766 
-1.2009450112324749 3.0812422407951554 
-1.3627663462557191 3.2264136202372247 
-1.5388691136637034 3.3674363096867563 
-1.715432569358037 3.4917575255577176 
-1.9030280703201579 3.6055132826823413 
-2.0865349616787423 3.698496614870509 
-2.2765692432054814 3.775189154312036 
-2.463881477876081 3.8300914732558247 
-2.639494768504295 3.861056543856468 
-2.8131528397532426 3.8692932518114747 
-2.9702164055580593 3.8536833594951347 
-3.119181671226462 3.812969197878536 
-3.247296330531858 3.7502354793075323 
-3.361294885991061 3.6617144650180835 
-3.451232402194059 3.5545784926753927 
-3.521633253449948 3.422673049743959 
-3.567289065172148 3.2713367618977984 
-3.586727971375603 3.1088611018899552 
-3.580534550297093 2.926057419866561 
-3.5487703693198878 2.7380397270431334 
-3.4892202472031766 2.5341609685739908 
-3.4064662589960544 2.331232030065814 
-3.2955384932785643 2.117680748747504 
-3.1603524552071747 1.9036508994559604 
-3.008541497653113 1.6992784090806825 
-2.8314471030285984 1.492661083691617 
-2.643705791214409 1.3004452418814791 
-2.434759149966956 1.1111804474730074 
-2.221991431049408 0.9398320788225509 
-1.9935330633595576 0.7758533953876885 
-1.7684628301359178 0.6318424045742563 
-1.5342793694108947 0.4984994533242922 
-1.3026701165770422 0.3818607291763959 
-1.084936851250446 0.2853065324100221 
-0.8689974013241182 0.20177361944954836 
-0.6729016906964352 0.13650801337412677 
-0.48573052496335767 0.08395340891662699 
-0.32307483265151943 0.046566208030372376 
-0.17580003170168537 0.020154938186574427 
-0.05607827872735552 0.004843050764806248 
0.04293998649912713 -0.002456634049500618 
0.11526063054690185 -0.0032452796876970775 
0.15898641042942105 -2.3621426541543818e-5 
0.17692436568962483 0.005105936858557434 
0.16799365858159226 0.009560981713547299 
0.13219553522927655 0.011377140418402619 
0.07304968430561792 0.008352932516874493 
-0.012127470993034878 -0.0017443077739637631 
-0.11965459633806338 -0.02076765968564849 
-0.24243531184389117 -0.049106571839027086 
-0.3865839150828948 -0.09004782016047427 
-0.5393612761278426 -0.14166483583848746 
-0.7085278539874438 -0.20823657753961933 
-0.879255092732306 -0.28538808181893166 
-1.0603256349309083 -0.37848148483496347 
-1.2359618359242912 -0.48059510427694857 
-1.415290123714707 -0.5981272176474193 
-1.5886075533559507 -0.7263615672132261 
-1.7471802751946823 -0.8587974780953802 
-1.8993723506230695 -1.003003504085838 
-2.032111237235863 -1.1469766704208322 
-2.152488218600088 -1.2986225255075654 
-2.250255044985518 -1.4450472560593248 
-2.3307395383009117 -1.5940363919111216 
-2.387202218163203 -1.7327008276073002 
-2.4228576801993364 -1.868197984396977 
-2.434903980874685 -1.9926897813729498 
-2.424189004974461 -2.0999482920350196 
-2.390437393664562 -2.1952150261674994 
-2.33683689962331 -2.2698203342253573 
-2.2608465326673337 -2.3271628497354233 
-2.16927382569707 -2.361746040276389 
-2.057534902765939 -2.374778217434283 
-1.9308724551263994 -2.3637369482111708 
-1.796782416852986 -2.3297887492367324 
-1.6483043553510728 -2.270479775852196 
-1.4982805141547708 -2.1902895060477476 
-1.3387732701750696 -2.084334625648466 
-1.1834279037115196 -1.9611367548300322 
-1.0238550551172003 -1.8135792496630496 
-0.8735281025498687 -1.65381236257617 
-0.7241231726565773 -1.472844388204029 
-0.5833484636054029 -1.2788914985434139 
-0.4574767125297402 -1.082200414706954 
-0.33913896356905415 -0.8719332316036057 
-0.23772746579698517 -0.665803041254734 
-0.14693377932343038 -0.4525457347110665 
-0.07355926660272384 -0.2501999747014188 
-0.012551928663099562 -0.04777084939763043 
0.03205849464474358 0.1375719822995799 
0.06401033763032332 0.3158622897059048 
0.08237933407323868 0.4772024875962949 
0.08841062693733892 0.6142760732831468 
0.08405512285726677 0.7344868553515812 
0.0713051535725645 0.8276174580555392 
0.05123213856855767 0.8987064280192616 
0.02726580753667609 0.9417268949631411 
-5.284078240704712e-5 0.9590313430238219 
-0.0275623220807041 0.9483556223369024 
-0.052074834395342 0.9117207358055405 
-0.07308769385473514 0.8472152128967848 
-0.08710524049443442 0.7603974679935448 
-0.09314495182771898 0.6466647333858156 
-0.08909630774165353 0.5157731484199622 
-0.07314738134587143 0.36074527742661 
-0.045222121723707445 0.19484502894463998 
-0.0024160380514550834 0.009190975219049314 
0.055086193245762936 -0.18729052729575807 
0.12473788748214187 -0.38403985722024897 
0.21133059089205822 -0.5916674520135525 
0.3083584763813295 -0.7925374487778675 
0.4218236083059827 -0.997553413628725 
0.5426768491567661 -1.1893788181317457 
0.6779367824087214 -1.378519001684131 
0.816447738431819 -1.5490807197033112 
0.965924381488567 -1.7105249209541518 
1.119081588155997 -1.8540423224658673 
1.2679644433724673 -1.9736141149396016 
1.4205123660179986 -2.076111697633108 
1.5635718401028225 -2.15326464710991 
1.7045961079166503 -2.2097522613092493 
1.8312701053893337 -2.2413015154937455 
1.950038957496249 -2.25020680635116 
2.053683163948601 -2.2354049189006377 
2.1372645426069443 -2.199470887995544 
2.2048123578065484 -2.1411098974823934 
2.250117268242507 -2.0658975559937067 
2.2751448989673633 -1.9704003682090152 
2.277325939637775 -1.863311227287992 
2.256344137811472 -1.739407599392942 
2.21360479884076 -1.6097080673057524 
2.1464481482915665 -1.4676489211204213 
2.056846966735713 -1.3205262034701744 
1.9502559352858828 -1.1763201945728075 
1.8207358514807237 -1.027406340316322 
1.679183597986123 -0.8864915780273934 
1.5178972703252516 -0.7458895533004094 
1.350594559410653 -0.617354570260505 
1.168306516611771 -0.4935957457454937 
0.986650093677386 -0.38466299567308687 
0.7959936754288714 -0.28402974072953413 
0.606277652372198 -0.1967113853715684 
0.42734158049831333 -0.12554467864300362 
0.24983387670093582 -0.06559017816371451 
0.08917462946177875 -0.020761278020973342 
-0.0629429098496509 0.012742203273711976 
-0.19321444684053196 0.03351302567098077 
-0.3082733904557153 0.044304635233960665 
-0.4007360264088325 0.045777788613840034 
-0.4666677438154812 0.04011100676699659 
-0.5092220396697125 0.028924932806199604 
-0.5243995338796369 0.015076038400180708 
-0.5126311416144111 -1.3265422049186615e-4 
-0.47455916026316436 -0.013414029587165784 
-0.40776706271294183 -0.02337379074383518 
-0.3176044305605105 -0.02714436672441165 
-0.19887250642746562 -0.022822330454895373 
-0.05606211246479771 -0.008086787101342342 
0.10264719540906021 0.017753136819419316 
0.28611985854044136 0.05807645272012913 
0.47903094396625884 0.11128244303072247 
0.6920833300429172 0.18207913385829305 
0.9074365668990968 0.2661117687467762 
1.1370133872641217 0.3695631324753003 
1.3615843007448016 0.4851056977821167 
1.5935951566990367 0.6204057302297733 
1.8213868414347618 0.7706256395186472 
2.0339660808964233 0.9285365053589413 
2.243197816542878 1.103741426057014 
2.4316861665229395 1.282260558375157 
2.6100508699720466 1.4745831241805922 
2.763574940201713 1.6650654391555282 
2.9010462208022862 1.8646356001598177 
3.0112752864467702 2.0568491871597496 
3.100759436993176 2.2525504997292436 
3.164172631611409 2.4418611554559675 
3.2001809922905107 2.6158159675038624 
3.2113065902800733 2.7840776481702614 
3.1971505431583425 2.9325546294972464 
3.1575077904630904 3.069456433715073 
3.096259682216822 3.183303823934804 
3.0105984902636256 3.2803997295435803 
2.9042515784128975 3.3548071596096616 
2.7840475909999682 3.4040578797382257 
2.6438147938174184 3.4309780923330555 
2.4957001782413872 3.4334549286078286 
2.331842576594492 3.4118294285465267 
2.1662004901998433 3.3681635333100943 
1.989736351622627 3.3003622747711354 
1.817240322017617 3.2144702966435412 
1.6390331986401123 3.1061726841029804 
1.4638113621771587 2.9804131853332203 
1.2996654497602946 2.844827175581053 
1.1369005020945586 2.6924933168177665 
0.9884065522127453 2.536762409158212 
0.8450057674406796 2.3696543266538774 
0.71762802206076 2.2057923675186712 
0.5979103949786283 2.036761257108367 
0.4944656299519094 1.8773381431699192 
0.3999166567849419 1.7193227638760484 
0.3178285033523869 1.5716295839360916 
0.24973725431691943 1.441567227709806 
0.18978281078502604 1.3224289997691256 
0.14087988997765452 1.2246052317364233 
0.0980117737688484 1.1430373063181676 
0.06248702317103594 1.0848227995843402 
0.029884950581656997 1.046930506655708 
-4.7748799857559766e-4 1.032530343015315 
-0.029641533516177362 1.0411448949636881 
-0.061734697952400594 1.0731658843522114 
-0.09644355269034355 1.1257416803250253 
-0.13813226972507764 1.201516262996372 
-0.18557596585898511 1.2938063027273612 
-0.2436902572510954 1.407290388819643 
-0.3096909490422086 1.5319824711220738 
-0.3892932438248498 1.6742204337117303 
-0.48103523633798706 1.8269040713278413 
-0.5814705625580003 1.9813101507984148 
-0.6977675526449022 2.14529440942888 
-0.8215558193178227 2.3044406100623918 
-0.9609491622359937 2.46684026563432 
-1.1053014789386943 2.618206888821603 
-1.2635029729464278 2.7662211201946447 
-1.4229865613148707 2.897841341316147 
-1.5931231960784313 3.01971699554909 
-1.7659938024644954 3.1243693840266453 
-1.933108254176759 3.2069783740808306 
-2.1037713942387355 3.2716344116117235 
-2.263602988186127 3.3125189138645283 
-2.42123616943685 3.3315373276295905 
-2.5631520656159745 3.326815830495809 
-2.696780171948808 3.2978613438753 
-2.8141909104209257 3.2447054182195845 
-2.909846749460704 3.171096996777349 
-2.988415231136511 3.0728893363016123 
-3.042681800383529 2.958277062853881 
-3.074967656696838 2.820908898637778 
-3.0819106103374265 2.672301878279091 
-3.0632130543055585 2.504242717792282 
-3.0198082480964814 2.330813932514232 
-2.948658764507541 2.1423951549738867 
-2.8513747156980838 1.9479433375988258 
-2.7335672793446033 1.7572793528781914 
-2.5882114441263697 1.5596731864148097 
-2.4270535837250162 1.3714368568059447 
-2.240774618977548 1.181805466980658 
-2.0446509480927664 1.0062393329617318 
-1.8275319174604434 0.8344620454686963 
-1.6073713636181635 0.6802184072066624 
-1.371777697183705 0.5341681852558814 
-1.1320311623476398 0.4034162546045501 
-0.900068946045939 0.29262389828480717 
-0.6629326496734 0.19446345652454258 
-0.440387935188316 0.11589634955824543 
-0.22001404537296032 0.05112831301050986 
-0.02017138133833479 0.004095953514409171 
0.17032225194281578 -0.029470914445885496 
0.3411783975176599 -0.04889185830511625 
0.485110574479699 -0.055707527799006576 
0.6102910901486966 -0.05220528701583171 
0.7064665370217814 -0.040548909469131596 
0.7792496250205083 -0.02208507751248943 
0.8228629433721645 -2.747393890235986e-4 
0.8401036877320479 0.024089109926414165 
0.8299379576981126 0.04707976458720762 
0.7922782468225079 0.06803791927901558 
0.7281363077200289 0.08386042733463682 
0.6425704473960923 0.09230009616791533 
0.5314283894913818 0.09213508231314875 
0.4046003408606328 0.08187591909357803 
0.25568642187106605 0.05950763730989069 
0.09775863054538243 0.025657229554582262 
-0.07730601684755767 -0.02270470277399687 
-0.2542661789752912 -0.08247748320397999 
-0.44234244565785175 -0.1578009986949266 
-0.6317826422818272 -0.2462569760544324 
-0.8126752259578937 -0.34327377906260664 
-0.9946054650229309 -0.4545422241472214 
-1.1619882939221602 -0.5708887441992119 
-1.3238052788543608 -0.6987495235229775 
-1.4663080816406404 -0.8272643451850412 
-1.597272081481204 -0.9632501491350239 
-1.7092298833913138 -1.09958466316667 
-1.7976834825224137 -1.2289805002263319 
-1.8676974292254196 -1.357953732295819 
-1.9136544120951682 -1.4750001762941927 
-1.938446463617062 -1.5857965169115777 
-1.9404072566383792 -1.6802441494415068 
-1.9201501538197356 -1.7626794505462726 
-1.8799161381101446 -1.825326386566892 
-1.8181019545276733 -1.870737722250892 
-1.7374473257297092 -1.8947011025973295 
-1.643572254779548 -1.8962781369220165 
-1.5319860870954973 -1.8747187560424694 
-1.4127077417422627 -1.8310785301766956 
-1.2798179659337143 -1.7622160979579928 
-1.1450680805340425 -1.6732738064465582 
-1.001595025796284 -1.5587468810780198 
-0.8619227964144868 -1.4277511878396518 
-0.7187655441798622 -1.2726158971166268 
-0.5797523978430994 -1.0997883916376892 
-0.4517788270226446 -0.9184744186959626 
-0.3278769989130261 -0.7184614736690161 
-0.21841319869513057 -0.5164083149275209 
-0.11717548644787464 -0.3010954151931636 
-0.03236263782020985 -0.09058499298763202 
0.041162896934904734 0.12669889644918778 
0.0995636840043263 0.33967216531582933 
0.14143400376242918 0.5378720919551911 
0.16997186626353575 0.7320948328964587 
0.18375577012702182 0.905889855837729 
0.18469108516277727 1.0686869940731492 
0.17390035545885998 1.20667194624362 
0.1521477864920432 1.327313798859281 
0.1226398240934601 1.4203658738739353 
0.08526603567233793 1.4908618632446369 
0.04315836959053718 1.5338309419592209 
2.0162993100509741e-4 1.5485087076319728 
-0.0443477865561906 1.5357044066015901 
-0.0851990523082592 1.4965270956894072 
-0.1230006713319183 1.428886704186694 
-0.15308391049101955 1.3385612740546737 
-0.17559778265357787 1.2207017195066838 
-0.18728032070348213 1.085353471790878 
-0.18742725296339963 0.9252263829735772 
-0.17414435576023116 0.7475562546542164 
-0.14768550223224935 0.5622417638325335 
-0.10558904801403206 0.3592438171634747 
-0.0505612833878687 0.15576503845876127 
0.02115976112434946 -0.05927617762024481 
0.10410782143283857 -0.2677228644576511 
0.20329340345982325 -0.4810087242973764 
0.314692743716634 -0.6882233507600708 
0.432291789112127 -0.8794351030855325 
0.5625830411634724 -1.0653074923589583 
0.6945085630020854 -1.2304157008490104 
0.8350990631956788 -1.3841329744236508 
0.9722104985842684 -1.5138835091122222 
1.112950899543877 -1.6272504437614017 
1.2449892745833482 -1.7151987759622234 
1.3749994143600106 -1.7831629160295335 
1.495394396422492 -1.8271812120901416 
1.6000081250440599 -1.8469874604879228 
1.6938852511906397 -1.8444559311539486 
1.768444946277599 -1.8205914732687252 
1.8270757083376294 -1.7749449676066988 
1.8641859188899699 -1.7121996077312966 
1.881158038197701 -1.6297962722146495 
1.8759797409123373 -1.5355096578288197 
1.8478099886879453 -1.425016069548796 
1.7963933347040366 -1.3040805744197688 
1.7250743732060387 -1.1800008385492673 
1.6295953978445468 -1.0466508666834213 
1.517746969417599 -0.9158308505768884 
1.3832129673921767 -0.7808585334544523 
1.2372344659513785 -0.6534665216423102 
1.0717914972796572 -0.526921286259028 
0.8946143396988999 -0.40804596528936804 
0.7152907719528047 -0.30235814833160957 
0.5242039566251167 -0.20387836550616317 
0.33772315515663803 -0.12057832219523582 
0.14596289932350567 -0.047388667587349706 
-0.03454738842770056 0.010156308314142527 
-0.21327422546092917 0.05603423136679128 
-0.3747158383413806 0.08731303650072975 
-0.5272373902286683 0.106835986081262 
-0.6618205391361324 0.11423738028533825 
-0.7721672415338399 0.11112088036049897 
-0.8638235877167681 0.0988404244942291 
-0.9285948605504059 0.07998789665469888 
-0.9695546467667238 0.05525308524683591 
-0.9828165603769955 0.028437410572743217 
-0.9686781010188357 -7.116306701229127e-5 
-0.927948546398038 -0.026057576059189153 
-0.8580255710392327 -0.04902373283749808 
-0.7606783007378084 -0.06563638867876782 
-0.641872842309208 -0.07353992136917445 
-0.4948180434301385 -0.07128238044859121 
-0.33166494365109733 -0.057299139169607334 
-0.14323804283074376 -0.029046744164152302 
0.05478944530474227 0.012717294385852795 
0.2734783367106394 0.07189481048385114 
0.5026290075084419 0.14784408773287033 
0.7304549536264127 0.23726991295718944 
0.9696597099280596 0.34636118647894215 
1.2003060968247936 0.4670374581445842 
1.4352927695971311 0.6069563445237559 
1.6550888672507904 0.755202698128497 
1.8720631206099012 0.9206977250573197 
2.0682740362583596 1.0901387046791222 
2.2548803065265948 1.2733736100037951 
2.4219966416473664 1.46195388066634 
2.56274410226226 1.6465222916669702 
2.685378999106928 1.8374562462196546 
2.7801242586072497 2.0188377346321094 
2.8527973897233485 2.2007227183733 
2.8979020382903116 2.3678386245328378 
2.918595853702885 2.5293616593049806 
2.913806621709075 2.671666171945204 
2.88398436494252 2.802521309052991 
2.8300766623184654 2.9143844082998087 
2.756676810536841 3.0026052143221436 
2.6604280265801585 3.072007087012536 
2.5500375392307704 3.116754826627639 
2.420022082456059 3.139350458156636 
2.2818124835633498 3.137976506702562 
2.128243455333068 3.112695572102718 
1.9668911816982755 3.0637465499777585 
1.8064046333371953 2.99501587827151 
1.6380545851840171 2.9030312334914377 
1.4759612019964823 2.7958755145539627 
1.3110199335748305 2.668070506125602 
1.1567714027031046 2.530806656194801 
1.0042192310171092 2.377038274577364 
0.8655414999359661 2.2202108300109065 
0.7322538993178126 2.0522614761112847 
0.610589173949498 1.8819944357941376 
0.5048486493869275 1.718571224619454 
0.40783965922848814 1.553582957579213 
0.32625141876446667 1.401444025392324 
0.25390236467680677 1.2543249185254097 
0.1951233980218152 1.1250781208067357 
0.14471322053643468 1.007051617456713 
0.10492226998585079 0.9105557290136961 
0.07137832570949809 0.8306232282967869 
0.043871943000021195 0.7726140468099891 
0.02121734381398726 0.7384886712109807 
-2.0133690528459966e-4 0.72648789938788 
-0.02086437804931323 0.7376565915572376 
-0.044298768109571104 0.7725650472703253 
-0.07079468943224854 0.8281586084060655 
-0.10413649654719893 0.9072924689682333 
-0.14524623650065513 1.006796955933404 
-0.19378798261132657 1.120343849096938 
-0.2545134399157221 1.2537695766158794 
-0.32419128637039535 1.3954107624025218 
-0.4084882926536127 1.5525493321741881 
-0.501928150492668 1.7114499809448729 
-0.611185808027589 1.8802823430276046 
-0.7283821076878846 2.0442885674356845 
-0.861165716057232 2.211899241118235 
-1.0044522479040126 2.3739185222531196 
-1.1513940985579258 2.522014677191193 
-1.3107503735699504 2.6637906228976287 
-1.4696018703965041 2.7868372342398327 
-1.6370261457545123 2.8974550287132144 
-1.7991162712342956 2.9859403436081404 
-1.9648204396958138 3.0567928422501613 
-2.1201019437947863 3.1037564080689095 
-2.273269871795726 3.12915992835891 
-2.415821781802736 3.130311849234974 
-2.5407714271410313 3.1082552355815793 
-2.6544625638168418 3.0616878901295825 
-2.7467633978254904 2.994485500444409 
-2.8220996550272 2.9029485845070613 
-2.873477090643136 2.794802139419655 
-2.9030072983409805 2.6641470253866246 
-2.907228762445217 2.5166902161390476 
-2.8865232835448342 2.3606875408162864 
-2.8390416908188545 2.18760222323842 
-2.7681214299134584 2.0120067140512994 
-2.669206186891728 1.824218760139017 
-2.5500260461178996 1.639957391491873 
-2.403452636616904 1.4489434942725825 
-2.2413111864244386 1.2670288035727617 
-2.0542070054682338 1.083894556027512 
-1.8501826056493518 0.9086634795392088 
-1.639895467864643 0.7491533881223883 
-1.4114470075684498 0.5959504379422097 
-1.1837726086710882 0.46121192660248117 
-0.9440953276928071 0.3366396842776471 
-0.712358689408244 0.2317428655670724 
-0.47561634995630997 0.13961215830950513 
-0.2536031999183994 0.06679069291012701 
-0.03393296157368482 0.007892192995902537 
0.17191845161291855 -0.034763546992490214 
0.354578625036457 -0.061420529728719975 
0.5242873932963662 -0.07523106282859539 
0.6669748510708587 -0.07671708538002764 
0.7907267012772281 -0.06778764292260109 
0.8853901295670047 -0.05098316023877877 
0.956471911276307 -0.027285201498360296 
