-1.0 0.0 
-0.9697842906611359 -0.02133869714877273 
-0.9207423715989963 -0.04146139694379048 
-0.8574348531339843 -0.0575342513530971 
-0.7746044729202392 -0.06990324331739414 
-0.6800913714328163 -0.07649033296379533 
-0.5661508674468324 -0.07689809159315768 
-0.44364181449219087 -0.07022974632829977 
-0.3025863838044113 -0.055061501754865454 
-0.15647237100103972 -0.032044456524171074 
-7.225512106431079e-4 -1.646139482875972e-4 
0.17090675040169795 0.04309392505196159 
0.3419699665356476 0.0942749090263477 
0.5263322507783907 0.15821136423528864 
0.7063230637799444 0.22937391278338595 
0.8965325582778946 0.31411368070368395 
1.078737064829482 0.40480859878761527 
1.259559721380062 0.5045452581523405 
1.4453946285320045 0.6179296881941159 
1.6184695329908703 0.7344429100188157 
1.7928705062360821 0.8638450240741573 
1.9519552706582262 0.9939835760951816 
2.108716561683945 1.1356222525693316 
2.2482445301659 1.275345105671949 
2.3819941395722886 1.4246019056573909 
2.4973077530969223 1.5691670321422984 
2.599413367945193 1.7142212085232558 
2.6912667159596437 1.8649979900244789 
2.7642972008867575 2.0070344826837387 
2.8246954015784436 2.151806380057218 
2.86694972737488 2.2853856003773547 
2.8947998239575496 2.4185285569702604 
2.905890522312486 2.538398806719272 
2.901469454945733 2.654626773577817 
2.882300496976174 2.7559919780741846 
2.849036390126257 2.846768528968623 
2.799882370843502 2.9293966537820024 
2.739901787476577 2.9958988044343435 
2.6646022516352788 3.0516190461445527 
2.581539676960844 3.0911914459195664 
2.4843267326347065 3.1178181882208285 
2.382587173493806 3.1289652454154493 
2.2734891812874096 3.1260473589042554 
2.152891133379714 3.108060011856119 
2.032573274993288 3.076822594141956 
1.9029784667625702 3.029933778739486 
1.7766684478036816 2.97203815286366 
1.6435052174583629 2.898631758364867 
1.5162944106776537 2.816954046542712 
1.3847126894238382 2.72062762906024 
1.261301226932944 2.6191365641444944 
1.1412786007936115 2.5096880518362177 
1.020386681756562 2.3881242705187824 
0.9099540418131661 2.266402442123827 
0.8006855209632044 2.134994775639914 
0.7026619088713898 2.0068233784088574 
0.6074509339587278 1.8718530852542452 
0.5236516748446763 1.743354701862033 
0.44384376930855846 1.6112663248875223 
0.3750198326710477 1.4885747451638063 
0.31346713070362786 1.3708812561045647 
0.2566758845262488 1.2546427154214352 
0.20925699501296985 1.151287460474976 
0.16642909378786117 1.052722121609662 
0.13136538876205886 0.9686375575755182 
0.10019033664251574 0.892449549713511 
0.07488039268783941 0.8316489554931953 
0.053190643422739416 0.7833628578824678 
0.0334790098476333 0.7468606248245243 
0.016546873428424702 0.725731261861678 
-1.4630260636662093e-4 0.7183203321682996 
-0.016108226578691962 0.725356530321737 
-0.03380784173360686 0.7473908394482485 
-0.05264981755494884 0.7822568289961539 
-0.07531559629559556 0.8326846257554399 
-0.10070118530257537 0.8937161260643354 
-0.1304992482421822 0.9665521450345923 
-0.16713688782803085 1.0544142707363138 
-0.2080769785573508 1.1486639747644039 
-0.2576263764893039 1.256681605222668 
-0.31192040779900665 1.3678471018583316 
-0.3762428720205431 1.490865557063057 
-0.4452054840383996 1.6136421362644116 
-0.5251589080802893 1.74579114846638 
-0.6090954772642979 1.8743199048449075 
-0.7001425270605783 2.0034339763555282 
-0.8025953477914255 2.1374386885283 
-0.9070941338040508 2.263157593205463 
-1.0225248062249779 2.3904329002750297 
-1.1381490541345478 2.506747590556934 
-1.2636126235648628 2.621204336652058 
-1.3870839373871875 2.722542583857914 
-1.5129474091607644 2.81473177021132 
-1.6459398629905981 2.900171670577718 
-1.7733271324968878 2.970444617435465 
-1.9053890505549091 3.0310299076501113 
-2.0293747442786545 3.0759430437981785 
-2.1551842208954612 3.10866444065341 
-2.2705761203959476 3.1259348860777947 
-2.3846681670434666 3.1290528555333776 
-2.486270572668557 3.1176511258962027 
-2.5793106773989605 3.0922454630491165 
-2.6662017608803628 3.0509415086899874 
-2.7382908843911906 2.9977028405238393 
-2.801061554192529 2.92824139574445 
-2.8481498606795794 2.8492579506346414 
-2.882998804441863 2.7544124732753748 
-2.9019162890810652 2.6528648080950976 
-2.906066543550682 2.5364662368354707 
-2.894711984282096 2.4164536338645424 
-2.8681540704740582 2.2891269225473265 
-2.8240649087842926 2.149508694672713 
-2.7663734837628033 2.0110468345303834 
-2.6901098391742657 1.862574715019666 
-2.6023276900455903 1.718356972493265 
-2.4956651157100307 1.5667172846455504 
-2.3801359064455627 1.4221745370160555 
-2.252269739272754 1.2793933918941254 
-2.1064755619935234 1.133308710342071 
-1.956589295543556 0.997804046290383 
-1.7903408864440462 0.8617277777207741 
-1.6235712979270844 0.7379187033371024 
-1.4426864130211552 0.6160769208146241 
-1.2649682869998145 0.507581970463969 
-1.0759716275278888 0.4032708985678492 
-0.8937854083583762 0.3127424604781552 
-0.7118645344763265 0.23163994072969596 
-0.5237184755931702 0.15719310143997037 
-0.3473785267450803 0.09598750881133547 
-0.16855302244128023 0.0424274181942074 
-0.004381302645077067 0.0010008942419438584 
0.15844688751270236 -0.03238157971185098 
0.3043357934339459 -0.05525177538356266 
0.44513068424675967 -0.07027958428467565 
0.5673686650623895 -0.07682813398092789 
0.676380144114982 -0.07647888569255204 
0.7752115973597384 -0.06963969286001316 
0.8544696913433557 -0.05784399259774645 
0.9206826106965206 -0.041082915526523746 
0.9676227153462478 -0.02186488508985813 
0.9992423915834323 4.070378236512457e-4 
1.012671580446833 0.022695081348199145 
1.0097122877804956 0.044868140726463494 
0.9893371673290614 0.06678978250978732 
0.9537201970096686 0.08549752663614851 
0.9002286159148885 0.10162067720641677 
0.8342452950121179 0.11280882563175572 
0.750709319759348 0.11915287781841775 
0.6579099090150625 0.11931677587273502 
0.5486357642042045 0.11258967724364896 
0.4336591384450017 0.09898345968519288 
0.30980056339342443 0.0779205790116881 
0.17233578320038015 0.0475853896330326 
0.03473947874640693 0.010419971249591998 
-0.11383000720198296 -0.037016834225225705 
-0.2588506693828226 -0.09052002464197167 
-0.4117914888794671 -0.15472092635648324 
-0.5577426191390426 -0.22368016837503804 
-0.7082887277953183 -0.3031462502357585 
-0.8487939837394383 -0.38559000322691245 
-0.9844282722857233 -0.47360084902272637 
-1.1195449862029039 -0.5706742281020979 
-1.2410745768502103 -0.6674162482245768 
-1.3587763747580468 -0.7715148287930342 
-1.4613193843179124 -0.8727975040396738 
-1.5570008123148418 -0.9792161737549738 
-1.6366745750309661 -1.0802859055858756 
-1.704099509946623 -1.1794150750484056 
-1.7609432861014225 -1.279639159194609 
-1.8018942640558833 -1.3709664839710995 
-1.8304546595917761 -1.4603646097284946 
-1.8440942031445238 -1.5388369897625334 
-1.844172491786684 -1.6122752306644315 
-1.8309514135815366 -1.673190736062435 
-1.8036737734212192 -1.7260399696108821 
-1.7652738332439086 -1.765306254605901 
-1.7155186791262034 -1.7927451702576376 
-1.6522166099173008 -1.8080663758471511 
-1.581801193743885 -1.8093823662019155 
-1.4989611648068852 -1.796375326387365 
-1.4120113850713745 -1.7699142905569314 
-1.3142992820248276 -1.7274810339006381 
-1.2155539599248082 -1.6728186524819235 
-1.1081441906563088 -1.6011853070643631 
-1.0026970665137664 -1.519185195611026 
-0.8958631844379775 -1.4245236039991382 
-0.7840226253877536 -1.312738928303121 
-0.6781439193922987 -1.1943844982427196 
-0.5698707823961978 -1.0597333860281377 
-0.46975188279058067 -0.9215980190424997 
-0.36980687764165837 -0.7687179224351324 
-0.27969361374755186 -0.6157157440539393 
-0.19579189982195203 -0.4574829369072424 
-0.11550657958104348 -0.28802896401059797 
-0.04645375733640918 -0.12364409565306889 
0.017106454925561704 0.04892042766975725 
0.06927386244608741 0.2130364980505201 
0.11454042694013569 0.38189551691634244 
0.1488726480212298 0.5391974580039385 
0.17543557323228895 0.6975597481349332 
0.1920974583314356 0.8416746733286509 
0.200510120108244 0.9771524915116564 
0.20094145688515405 1.1081023971663952 
0.19390914596392797 1.2218477333797981 
0.17948072283894007 1.3274817724863996 
0.15967758990912462 1.4147713735104097 
0.13360722595491262 1.4906890954014005 
0.10446801294107938 1.5478765984298009 
0.07066480299574039 1.5908990041498312 
0.03617733316964926 1.6155844311994403 
6.316706994035972e-4 1.623913936041681 
-0.03652400364622862 1.6150434459158418 
-0.07097107962069273 1.5898312371503256 
-0.10470399002726397 1.5462627139244904 
-0.13374952558985628 1.488559392028009 
-0.15969492724481266 1.4121114707938172 
-0.17935340567676947 1.3243254017875494 
-0.19313105974549005 1.2230907916145513 
-0.2004454266444892 1.1039707512454893 
-0.19999305506298493 0.9784979909227463 
-0.19114233144646053 0.8366334145193113 
-0.17422620539420935 0.6921013932339877 
-0.14737848970171508 0.5333241882932583 
-0.11275714079005048 0.37564663213472727 
-0.06717240465899972 0.20641806380505384 
-0.01468695690935402 0.04197132179619291 
0.04625290800029214 -0.12340100844664759 
0.11861218043071044 -0.2955831423800242 
0.19559348789187112 -0.4580040403085748 
0.2835230655244701 -0.6237780215661316 
0.3740004926183879 -0.7769935274230826 
0.47433163957208724 -0.9300724902627925 
0.5748239255221702 -1.0683754947297972 
0.6834905304130685 -1.2031789584501695 
0.789747652662527 -1.3216579918753202 
0.8970988129515085 -1.428953982041474 
1.009199325965483 -1.5282985426912048 
1.115026873434784 -1.6103660343320627 
1.2228341398278773 -1.6820519818729345 
1.3219592851188897 -1.7367487599820186 
1.420068039061493 -1.779202569071054 
1.5073969344824174 -1.8056696862091768 
1.5872022027656465 -1.818413412660066 
1.6614282469758346 -1.8173364399398635 
1.7225917221680502 -1.8029424850204698 
1.775265454995853 -1.7745098632359428 
1.8140499854064633 -1.735198079239541 
1.84173321390603 -1.6822932545566653 
1.8553465918637313 -1.621317544891784 
1.8556840928508425 -1.5478095581100484 
1.8424487752706418 -1.4692643272868342 
1.8158457385589286 -1.3838131756540504 
1.7737887232174894 -1.288371927876344 
1.7201403267732258 -1.1924972764878603 
1.6504120464307044 -1.0888272826365024 
1.5711919558293168 -0.987654365908793 
1.4759985970618763 -0.8811203291460133 
1.3739365410967181 -0.7797194188553769 
1.2567531823031406 -0.6754880707164359 
1.1357351448547865 -0.5786092957154995 
1.007172980554585 -0.4855084056858223 
0.8660803911238589 -0.3932109035680648 
0.7261361650008179 -0.31059417274532375 
0.5761944050769359 -0.230931672389032 
0.4308383134849643 -0.1617681621791574 
0.2785370373371292 -0.09733493945149026 
0.13414435563644708 -0.04359000548484975 
-0.007410522725259649 0.0022290426443146096 
-0.15069031144891415 0.04157262984694035 
-0.2816648205449062 0.0710769505923722 
-0.41062667049951074 0.09363033794453082 
-0.524908027675046 0.10759887666023485 
-0.6334453929258933 0.11473468695827715 
-0.7255323232276342 0.11499162585506692 
-0.8083173559650709 0.10912002759313044 
-0.8735786036306247 0.09841590335724869 
-0.9243613392385198 0.08359055916369607 
-0.9612075923324808 0.06467637012941488 
-0.9803416847441283 0.04432721207322813 
-0.9830748345621159 0.02181339606558606 
-0.9689389029347689 1.7955133734929557e-4 
-0.9365912483270096 -0.021371749828867127 
-0.8889677301061618 -0.039865507378776276 
-0.8220564699377951 -0.05583312230231392 
-0.7421482843676248 -0.06683563076901289 
-0.6473119856225702 -0.07268214706936073 
-0.5330398273274531 -0.07230015068155983 
-0.41021904575631146 -0.06486090887755533 
-0.2688430963214602 -0.048869785164933593 
-0.12242740447555757 -0.025048646200358154 
0.040919209154277894 0.009357419651248084 
0.20555419497675811 0.05178972466866744 
0.3769046492274509 0.10383061916100049 
0.5615617199127843 0.1686876098967814 
0.7418287763044504 0.24075221258424 
0.9323204334827437 0.3264585405872021 
1.114787716585696 0.4181013717256668 
1.3040371029667621 0.5235949455389309 
1.481957164270258 0.633235982863788 
1.6630112317342227 0.7562898647269204 
1.8299024096582488 0.8812700432653392 
1.9891976960450368 1.0124841803774483 
2.1461635435014528 1.1552758541906785 
2.2858705847941616 1.2961291258580738 
2.419788121260594 1.4465966687552185 
2.5352419985944326 1.5923475617662637 
2.6417860980594936 1.7452544280399753 
2.7294176753491937 1.8906873260384922 
2.805485817753018 2.0404322751087256 
2.862954659814616 2.1801133726319497 
2.90521725132341 2.3150101871357207 
2.9330416742505006 2.4495558576311907 
2.9440729300521626 2.5707908010029543 
2.939551108800944 2.6884680999060184 
2.9202468939998294 2.7912397704403844 
2.884961668821241 2.8873660132788808 
2.8374261121746964 2.967575911699335 
2.7771836566332513 3.035534332392212 
2.701562460634138 3.0927905173262777 
2.6181449780627437 3.13384289314384 
2.5205102435270894 3.1620258934190857 
2.4183175445841396 3.1746679348394147 
2.3035786595571595 3.1728513343112623 
2.18753940427574 3.1568307228269585 
2.061022817434977 3.125421815537257 
1.9363312383698232 3.08177017883599 
1.8093090125870122 3.025366693552776 
1.675345501340229 2.9535123778188543 
1.547315883434788 2.8733094776868477 
1.4148224912626444 2.7785123641289418 
1.290486015369409 2.6784700052297348 
1.1640810436670304 2.5653752454545367 
1.047519693474374 2.4503698450879 
0.9310695548867576 2.3244695894726184 
0.8255561494662412 2.200071209049611 
0.7263516203973351 2.0732500504852336 
0.629854658491541 1.9396655971884014 
0.5447770776525083 1.8124668240784878 
0.46358331519858154 1.6817087100362813 
0.39338747590294454 1.5602613105163934 
0.3277253443763722 1.4386291610776318 
0.2721004210469397 1.328784489352729 
0.22317767991224285 1.2265842223100722 
0.17873327633049302 1.1291936864919578 
0.1420818977951277 1.0462011087681027 
0.10920458473307185 0.9711211364191537 
0.0822266210886424 0.9113479752463315 
0.05783902166392481 0.8622139135690458 
0.03729521009456502 0.8285615635930108 
0.017758918374622467 0.8077678838291639 
-1.472750133509002e-5 0.8018883192667369 
-0.017833089194052045 0.8097879380714101 
-0.03751169277097702 0.8326901127458112 
-0.058282871917728386 0.8683528233687968 
-0.0830032717940153 0.9195784585762183 
-0.11039014437962583 0.9813393301307647 
-0.14378912502665062 1.058480478304765 
-0.1810289677986213 1.1434253132357182 
-0.22618138221470527 1.2428333556028748 
-0.27586930895386336 1.3469378602691393 
-0.3323445374833315 1.458658811427314 
-0.3989855902182847 1.5822194989838998 
-0.47020275125521 1.7054770475871124 
-0.5525518297564491 1.8380884075684694 
-0.6388169910902927 1.967019530990953 
-0.7366403274090777 2.1023699732326073 
-0.8371932593229199 2.2308344736660497 
-0.944131524260094 2.356828749995944 
-1.0621513922273778 2.4843439994873577 
-1.1802892034135364 2.600840527564641 
-1.3084188747811263 2.7154354922864177 
-1.4344765516469444 2.8168542846819307 
-1.568842187883508 2.91302671973872 
-1.6987304160567105 2.9944819748324507 
-1.8347058278280772 3.067577201024648 
-1.9637163262366735 3.12510011888266 
-2.090456635549821 3.1698031459209233 
-2.219177568805494 3.2022363923913217 
-2.3373830079573796 3.219163282443051 
-2.4544445748729173 3.221848500831449 
-2.558912309458521 3.2099600704740276 
-2.658978912192139 3.182482322339211 
-2.744771385842999 3.142023816007355 
-2.819786608964356 3.0880680408051515 
-2.8856324123795565 3.017771456351254 
-2.935674695038016 2.937905465454063 
-2.9736218916069084 2.84204782249928 
-2.995509432568174 2.7394446579721388 
-3.0027681823400525 2.6218496269862777 
-2.9943869763708113 2.5006022314573806 
-2.9693639590970546 2.3659469007261316 
-2.929807964825486 2.230851525976253 
-2.8750695665670722 2.090879130569964 
-2.801878711429499 1.9407293090426831 
-2.7170183794924707 1.794812095919176 
-2.6133885180716114 1.6412963600342925 
-2.5007356846743787 1.4948640223814567 
-2.3697576457129603 1.3435795460657878 
-2.2328700800689867 1.2018440402650625 
-2.0788569104111634 1.0580237923045934 
-1.9223877878802844 0.9257234583912798 
-1.758321654060042 0.799556371162942 
-1.5802166496725392 0.6751533335124006 
-1.4051101277950468 0.5641176964478476 
-1.2187911928162853 0.45705683246645346 
-1.0391132578750206 0.3638099491862482 
-0.8515199883927065 0.27631669366094197 
-0.6740050473968315 0.20243748675776221 
-0.5000006694802224 0.13825973723396265 
-0.3235515555852159 0.08150671882707411 
-0.1615883996453789 0.036945848263003435 
-9.997485893873275e-4 2.045102954322136e-4 
0.14281511302440514 -0.02595523959330498 
0.2815146011023699 -0.04450048124962978 
0.40181950756578955 -0.05448673301474641 
0.5135113687199024 -0.057639509167629596 
0.6059308238962208 -0.054545860583876817 
0.6834757198277628 -0.04639565721987102 
0.7479771891971796 -0.0335152963535858 
0.7933574552241345 -0.01807419094326196 
0.823428154974672 1.828333570068898e-4 
0.8354548833392152 0.018568567797636416 
0.8305921777599128 0.03758669755135814 
0.8094967560217741 0.05449813620296666 
0.7706826650642683 0.06972184336472126 
0.7181000182928751 0.08092665833594984 
0.651122595280703 0.0879236354833882 
0.5666362728643746 0.08982908775657732 
0.4730140336250679 0.08569402320228471 
0.36297104760575366 0.07441793128156576 
0.2473477041636529 0.056409326487042034 
0.117088632722439 0.0295514062193778 
-0.015022660132775924 -0.0041450639102978025 
-0.1529929896552151 -0.045858751313980824 
-0.30185440111164474 -0.09809938976621489 
-0.4470577298702826 -0.15624302626071704 
-0.6000865697952736 -0.22534146619888035 
-0.7460214404218054 -0.2990280767855414 
-0.8964433275767827 -0.3834795353103037 
-1.0367250345438173 -0.47073155331371863 
-1.1780408601167098 -0.5679287087701349 
-1.3066905545346634 -0.6657643439942671 
-1.4276710129548038 -0.7674217171726683 
-1.5446793774732586 -0.8766922894070207 
-1.6464424833477067 -0.9829514903247927 
-1.7411839974446026 -1.0946009303539574 
-1.8198370760747722 -1.2006980974475014 
-1.8888300729634857 -1.309545151000893 
-1.9416374785515758 -1.4103959745993973 
-1.9826699832079955 -1.511061120846138 
-2.0081528884604594 -1.6015260673040894 
-2.020129949484431 -1.6850982124125917 
-2.0183282563028144 -1.7638718416745742 
-2.003171147136269 -1.8298903854838264 
-1.9737234195325952 -1.8880697728018312 
-1.933106303004645 -1.9324254894313186 
-1.8783645870435934 -1.966126002597107 
-1.8150769684721264 -1.9855499847219178 
-1.7420145606911264 -1.9919013557323078 
-1.6562539702252073 -1.9841296104463544 
-1.5663632515808397 -1.962643630759658 
-1.4654218964057746 -1.9253721928518908 
-1.3634395001843118 -1.8756045200874125 
-1.2524904731238486 -1.8090383928479945 
-1.14350983014783 -1.7318323275410958 
-1.0279583067778184 -1.637528574863633 
-0.9171584547184216 -1.5350104856642413 
-0.8073084235130905 -1.421262689460825 
-0.6947317291456254 -1.2913514348795219 
-0.590352588027696 -1.1576721681266224 
-0.48580499944013333 -1.009364504416725 
-0.3911487852677843 -0.8606488797576889 
-0.29869891897396195 -0.6995080835337426 
-0.21724968156517688 -0.5414466587046582 
-0.14006961217733208 -0.3737421970695783 
-0.07437628454575676 -0.2125722052320957 
-0.016999355087942314 -0.05224484747283159 
0.033845496673559815 0.11277017991147047 
0.07363685674196645 0.26651064569820987 
0.10603293539549348 0.4212737715149264 
0.12839173230533946 0.5620679997202959 
0.1430724169469725 0.7001357520794161 
0.14923325745934887 0.822087035952612 
0.14822869187844911 0.9328922636001251 
0.14021145917657304 1.03559169438126 
0.12664224482581446 1.1202097497142298 
0.10719182607706243 1.1934784979583202 
0.08447972027035319 1.248272057441905 
0.05749166500170255 1.288940036898125 
0.02961159616229553 1.3115171807384163 
-5.609965449479302e-4 1.317782765973732 
-0.029317764633516395 1.3071089623221903 
-0.0569124473740514 1.280227095820631 
-0.08340193337175798 1.2350704799241394 
-0.10544589729409191 1.1760003059870108 
-0.12399824773796754 1.0982841677877848 
-0.13651803600547913 1.0094403458780346 
-0.1432397113612209 0.9023586628731886 
-0.14281596145086842 0.7874015052065555 
-0.1345057297932849 0.6553688922535219 
-0.11848062848581638 0.5190347775625418 
-0.09413607027824919 0.3742418741889516 
-0.05947074329045533 0.2153644967829823 
-0.017325425902816917 0.05775794230166551 
0.036170360277187584 -0.11122007997955202 
0.09626287002882791 -0.27525666082988304 
0.16815949544741784 -0.44753342746474933 
0.24523031439215606 -0.6114450290967316 
0.329917997975027 -0.7729364394344173 
0.4259318167053342 -0.9375521373951123 
0.5241646909215814 -1.08947922084287 
0.6326234754636045 -1.2410202832791801 
0.7409048646284574 -1.3776675499526607 
0.857725753102676 -1.5105447050818144 
0.9717889714871925 -1.6269922989945844 
1.0921892743168058 -1.7365627039431737 
1.2072085181983512 -1.8288941394877891 
1.3208336364088065 -1.908355813411487 
1.4367796656605671 -1.9771118895666484 
1.5436718686791053 -2.0288077857623152 
1.649876391314766 -2.067915188499365 
1.7449202638085215 -2.0909798962591144 
1.836186148751353 -2.1002111891645447 
1.9146210847979694 -2.095068313847303 
1.986259629873248 -2.075521276963604 
2.0439378750673516 -2.0438252611242214 
2.09020579543334 -2.000091985222419 
2.12564444169033 -1.942348784366074 
2.1466044603881467 -1.8765384869041375 
2.1545408149265066 -1.7977604048856348 
2.1484892521581656 -1.7139683051972223 
2.127774220536087 -1.6187879881948046 
2.09423834666663 -1.5217198815638993 
2.047482119772196 -1.4199907091644322 
1.984843137351666 -1.3099896529919597 
1.9122865086294567 -1.202561515476688 
1.8239297161235253 -1.089281710302394 
1.7282764982660035 -0.981233486651346 
1.6176502478233812 -0.8698518287282224 
1.5027612879593553 -0.7659444636105153 
1.3744482532633522 -0.6611742834459996 
1.2451836793162834 -0.5656066782741148 
1.1109077981939663 -0.47541817894671273 
0.9667185580920539 -0.3876569086790614 
0.8266936730473866 -0.3105759705244779 
0.6797815735933235 -0.23769145035120626 
0.5403625664881944 -0.1757007116721803 
0.3974713130857839 -0.11920405789474586 
0.26513081300935426 -0.0731974899262789 
0.1329716797174377 -0.03343964673923051 
0.01400206142073574 -0.003195453985786393 
-0.09627249806668249 0.019753119221747825 
-0.2008359816617526 0.03641545507108571 
-0.2893307826450711 0.04591179997322355 
-0.3685821368558611 0.04982685203841512 
-0.4306782961810535 0.04860031839281953 
-0.48033191233242645 0.043042213416896666 
-0.5124985910792966 0.034579677519492966 
-0.5291228982280549 0.024023117029932685 
-0.5294669845730354 0.011846477961531003 
-0.5132724541059419 1.902261503687356e-4 
-0.4790114956213777 -0.010841586543399489 
-0.4297880821070554 -0.019193923123239438 
-0.3614466202905771 -0.02448174859162571 
-0.2804038272965559 -0.025199939562673836 
-0.1799733590048507 -0.020356438112772223 
-0.06969130222794165 -0.009439597361143666 
0.053560612473605745 0.008458448931276516 
0.19513755563032642 0.03543437859962238 
0.34150537918278795 0.06980606845777157 
0.504549619141954 0.11528220877095641 
0.6686528219771737 0.16833643601340784 
0.8471161102726207 0.2341083095233973 
1.0228290846182355 0.3070411544255811 
1.2100238952663216 0.3937896051950615 
1.3907497789738064 0.48669149639249293 
1.5714602900312968 0.5890443769810518 
1.758612129355018 0.7057368085069511 
1.9342751304346244 0.8260862876829653 
2.1127062542067256 0.9603258490700578 
2.2768355981513326 1.0959906673679995 
2.4400161754043506 1.2444507347870184 
2.5866729701210103 1.391783101210447 
2.7228588954150985 1.5432425235659335 
2.8528267493260016 1.70475812780572 
2.96424503085991 1.861032047765267 
3.066300008484443 2.0248867703739504 
3.1493787136707025 2.180733839387342 
3.2204158576304187 2.341298941381012 
3.2728127500960804 2.491258483794512 
3.3110588073229894 2.642816502097751 
3.331734064687022 2.781479497135895 
3.3369199746676514 2.9127386812293095 
3.3260162392018704 3.0407914614669687 
3.3003491706579324 3.1533802420063397 
3.2581426905573743 3.2596497491740255 
3.2037305060396113 3.3494394898577546 
3.133005930977421 3.430064223609955 
3.053026690907664 3.4938452668508013 
2.957594481957493 3.546021494863597 
2.8561074610905326 3.581676805997549 
2.7457897719773037 3.603174687309333 
2.6223023230540847 3.6104403219441865 
2.497654900884842 3.602931032733252 
2.361891734865236 3.580228368303175 
2.228123058042628 3.5447134655651147 
2.085563212716632 3.4937530478838608 
1.947879596051414 3.4324878909204015 
1.810106377787697 3.3598103291197523 
1.6672026285001529 3.2726515349794956 
1.5326995757201267 3.1796897147667678 
1.3954534611025593 3.0737546658413453 
1.2683249064300808 2.9653594500136347 
1.140627243706136 2.8461145488061645 
1.024170285394409 2.7278323505875224 
0.9089862809682921 2.6013400688959205 
0.8055472365549944 2.4791547184183598 
0.7090142846796035 2.3572973541687565 
0.6156791055010705 2.2318415600041517 
0.5337186405220836 2.1151920923813576 
0.45560677092741597 1.9982854832018562 
0.38793684386385296 1.8926793926645864 
0.324215598033572 1.7901681881871896 
0.26954636432072565 1.7008876281979082 
0.21838107027935788 1.6179034186754362 
0.17452677460852384 1.5494246919855517 
0.13493496955356393 1.4924438184922149 
0.0972641789080656 1.4459177003255206 
0.06393032759374376 1.4144603620374483 
0.030942284848974044 1.3956466251817046 
2.322749774319883e-4 1.3913583895438737 
-0.03200129654088423 1.4012899141846455 
-0.06390703126371387 1.4244891914717432 
-0.09777776284692007 1.4608360178297113 
-0.13623528255311326 1.512456717533538 
-0.176795175098094 1.5742887138938202 
-0.22399310837779013 1.6511830814141597 
-0.2744508955973197 1.735584398304535 
-0.33343446560718915 1.8341025759156033 
-0.39635710577831 1.937048154774497 
-0.4694003145795325 2.0524746364164095 
-0.5465311153877737 2.1690220561248 
-0.6309564173735666 2.2902044939863235 
-0.7270902803937757 2.4203250826990415 
-0.826511342796184 2.5465666185748317 
-0.9380504105791166 2.6787844810318786 
-1.0516793555850705 2.803946177563034 
-1.1772392891329493 2.9318124393263956 
-1.3032234780240624 3.0497685824318497 
-1.4403309619159121 3.1669997750316004 
-1.5758137711033797 3.2719255246948458 
-1.7146270256650455 3.3685239202882995 
-1.8622383972751047 3.459340273863522 
-2.004703468804831 3.5353703998528063 
-2.1537224090401756 3.6024793177398355 
-2.295101494994745 3.65397641995548 
-2.4403387701332524 3.693785555621627 
-2.575503009904449 3.717879491012676 
-2.7057108554437996 3.7278960106531205 
-2.835175725607543 3.7230496241108244 
-2.9513613165125783 3.7036652180192515 
-3.0635172493193497 3.6680479520825413 
-3.1607113671156575 3.6195165424466778 
-3.2506061970616513 3.5540576701298554 
-3.3243677992965712 3.4778874578259065 
-3.387732052556118 3.3847867147837536 
-3.434391224878735 3.2836474379942193 
-3.4667538662794217 3.171585652306005 
-3.4847440834557744 3.0438223285553607 
-3.4864096286570505 2.912585428150522 
-3.471653666721654 2.7672160862384296 
-3.4416844932571538 2.621618718537045 
-3.393870644929214 2.463949663432848 
-3.3326213727017744 2.309263693337707 
-3.25280869035986 2.144940881225971 
-3.1619483469533805 1.986627615725017 
-3.0576066089345413 1.8285137310358703 
-2.935027323584103 1.6647888211786714 
-2.8058893025763916 1.5109427335822987 
-2.6596743000841574 1.3542484655774918 
-2.5103678465153547 1.2094376401040976 
-2.3458585844592945 1.064419807762112 
-2.1819216475370253 0.9327121624213581 
-2.01306195170331 0.8086288281726596 
-1.832941723697109 0.6877558392787402 
-1.6588708862282218 0.5811419794657993 
-1.476798456451274 0.47952091965908994 
-1.3042342381086822 0.3919903913561236 
-1.1272567076538023 0.31071964851997796 
-0.9628882701840942 0.24275346534164413 
-0.7978662158507805 0.18174162764349786 
-0.6480559214059247 0.13269255616464748 
-0.5075040862538056 0.09233102074450529 
-0.3718546615098836 0.058851637020615244 
-0.2541202495570826 0.03450666814477566 
-0.14475186860922096 0.01627495553806438 
-0.05420608570361437 0.004889755300607473 
0.0249058931085192 -0.0016702772922872026 
0.0850715555790636 -0.0038276749604323865 
0.1312668573000966 -0.0028835128291910656 
0.1591825605229049 5.847101939478655e-6 
0.17107317444696035 0.0037705040671622823 
0.16643150915817023 0.007500603144537115 
0.14589403682656885 0.00979493641709352 
0.10802423559404782 0.009752516701878506 
0.05668871280514546 0.006377926215457439 
-0.012000206980472721 -0.001630390817594399 
-0.09118330423078509 -0.014438006683223493 
-0.18254425024157617 -0.03303586145906671 
-0.28987102466067455 -0.059374669942805075 
-0.40256149164466104 -0.09172841251503618 
-0.529406687839651 -0.13350992220320562 
-0.6579222138798302 -0.18140320918341185 
-0.7981766589300128 -0.23995763850527818 
-0.9364026076449102 -0.30412880189041386 
-1.0834655259905366 -0.3796531444594635 
-1.2249618339098562 -0.45973247221653185 
-1.365693089872124 -0.5471176047120359 
-1.5103453101519808 -0.6457627787412008 
-1.644795759217535 -0.746462308706373 
-1.779691619783879 -0.8575756918227528 
-1.9018938058240469 -0.9685790259758723 
-2.021113732676925 -1.0885406455238795 
-2.1257729262983722 -1.2059747540864756 
-2.2242266166859803 -1.3303566325459668 
-2.306951513133759 -1.4496761288894986 
-2.3776774910439586 -1.5681195599352726 
-2.4380830253844157 -1.6896789475386775 
-2.48239306233156 -1.8024955552999729 
-2.5142499243710015 -1.9154600862201767 
-2.5306808540846037 -2.0174812946584315 
-2.5331358671541144 -2.116525903735977 
-2.5215200622202683 -2.202800829453825 
-2.4965174667098573 -2.2797121314463467 
-2.456508080700953 -2.34903142439779 
-2.405536654968765 -2.403798410445017 
-2.33971236555932 -2.4481205707303704 
-2.2655832234481936 -2.4774459970104536 
-2.177403397243359 -2.493842497749504 
-2.083875313967766 -2.495463678443518 
-1.9776834040639206 -2.48217029861204 
-1.8692491674944165 -2.455004164635754 
-1.7553199857996318 -2.4137511623757297 
-1.6316705900384172 -2.355775457273262 
-1.5103478424026038 -2.286482657652123 
-1.3816986666222488 -2.2001283677701604 
-1.2581925178973006 -2.1048992409480443 
-1.1299294202809118 -1.9930144925759667 
-1.0092670764555176 -1.8751696215972675 
-0.8864479385202599 -1.741815415119183 
-0.7732173665246227 -1.6057640643651285 
-0.6650960107191162 -1.4626982687463825 
-0.558437891258787 -1.307107096401598 
-0.46328216799155825 -1.1540092625141036 
-0.3716614280441345 -0.9911305305775422 
-0.2920585796182935 -0.8342262628831387 
-0.21764287503345775 -0.6707479389743687 
-0.15513080872521953 -0.5165343662715364 
-0.10120029091348502 -0.36600555038598864 
-0.053962391621269985 -0.21422736429545652 
-0.017359569154804532 -0.07593118721661281 
0.012251807404689665 0.05989856395575183 
0.03272187350717595 0.18006637731941186 
0.04648960489066005 0.2941330287164117 
0.05301345863313383 0.39100858668168076 
0.05368870479499471 0.47839284751870376 
0.04930131476541071 0.5477836700667704 
0.040891672757026154 0.6025577767037366 
0.028825208107279607 0.6435705243038297 
0.015179271365102323 0.6668242776500887 
-1.6207088840140854e-4 0.674156995913187 
-0.014788863835750779 0.6648451419271719 
-0.028889287661389436 0.638136984590447 
-0.04017744246311835 0.5966185510242261 
-0.04858895989800588 0.536976713612368 
-0.05241190506114904 0.46499855742218793 
-0.05120710345907367 0.37916408917171196 
-0.0436902317723313 0.27556252535097475 
-0.02975952626721912 0.16424949250984638 
-0.007453699473500963 0.03635178429750052 
0.021831571651392077 -0.09572054846109637 
0.061208539752341605 -0.2425018108512026 
0.107549982865934 -0.3897578301561465 
0.162536976955647 -0.5422161935758792 
0.22929752065874195 -0.705510417143366 
0.3019181098818147 -0.863826495620028 
0.3867384970161736 -1.0298310002657856 
0.4759988885715449 -1.1874687357144718 
0.5772647035079235 -1.3493778991885717 
0.6810846145336317 -1.4999271195531307 
0.7960835838724459 -1.6512195036055919 
0.9113833155503174 -1.7886838049161438 
1.0309088900069332 -1.9177642372966528 
1.1592686293416572 -2.0424746017595696 
1.2841564560585053 -2.150870661715 
1.4156453666985638 -2.251778270999036 
1.5410475604801483 -2.335594140015232 
1.6703996360520876 -2.4092161408732324 
1.7911537875288315 -2.4657167643462143 
1.9129109527770936 -2.5098433107615175 
2.0238053259270985 -2.5375530732081795 
2.128039564531616 -2.5510417840600392 
2.2286467154921095 -2.5500571005149006 
2.315756490125147 -2.534952657518883 
2.3961868039612115 -2.5047994476064557 
2.4620043787028916 -2.462781303744955 
2.5183146236244074 -2.4058168548559222 
2.5595173677956664 -2.3396790453157186 
2.587784175419922 -2.2630591754802163 
2.603057801120053 -2.172823712480147 
2.603731775252915 -2.077930029771161 
2.5897377051154216 -1.9710026605523023 
2.5623299785936435 -1.862571219955885 
2.5192280103292433 -1.7441228851439001 
2.4645397162558957 -1.627243459584637 
2.393843715707596 -1.5026737280372378 
2.3139605192755797 -1.382518198267354 
2.2228902505550505 -1.2625964873076205 
2.1167224586231637 -1.1387214063646802 
2.0057778514522338 -1.0227959538963372 
1.881251951766339 -0.9054000278820891 
1.7552867297927657 -0.7977060243889615 
1.6179217455419173 -0.690838193494242 
1.4825829178548724 -0.5948389283958531 
1.3386012132961906 -0.5016475939988381 
1.2000791662626935 -0.41986754888912814 
1.0623449061149548 -0.34564271680507375 
0.9208773184722672 -0.276362697910624 
0.7895769417514381 -0.21814439793674809 
0.6581707615334234 -0.16564611334987805 
0.5396035331757951 -0.12324980515737158 
0.42463574708777346 -0.08676599390414699 
0.3246309918816325 -0.05892402548666415 
0.23560816132104348 -0.0374317080440083 
0.1554849367396665 -0.021048602937130973 
0.09225266743091412 -0.010427656656043893 
0.04109975766981433 -0.0036905984762175665 
0.00720535009700521 -4.875059184687866e-4 
-0.011906730490150869 5.30866693525715e-4 
-0.014172002590105426 3.1971680103791737e-4 
4.473288863056464e-4 1.9864913655795086e-7 
0.030733801435149543 6.899076986459988e-4 
0.0768422387046513 0.0034174329070168993 
0.1416529296774872 0.009568163284692763 
0.2190620133953113 0.01964621938914338 
0.31543182074517956 0.03561868406054691 
0.4215854335279765 0.05702365132110382 
0.546166292828269 0.08670829564748836 
0.6772508933199064 0.12285010008865004 
0.825462026176161 0.16943087748407434 
0.9765767605484663 0.22294310093738445 
1.1354288037618105 0.28562571706292583 
1.3081863628602386 0.3612683868660252 
1.4782415285644168 0.4434519695426805 
1.6593188167637096 0.5396679032664944 
1.8340057256510418 0.6414270225782629 
2.0164009382289105 0.757699553384485 
2.1889704423502607 0.8779700876688664 
2.35807370081899 1.0065646908218253 
2.5294770642116764 1.1492025493539118 
2.6867278621562654 1.2926855848091492 
2.842560241625316 1.4490915173129286 
2.982044210460403 1.6038037176502944 
3.1165098862743603 1.76970937630984 
3.2331120071859267 1.9311914823920482 
3.3413675248788723 2.1015967284061015 
3.4309836915541725 2.2647993167949863 
3.506262169117341 2.4268905944065198 
3.5690315914832587 2.593737908685803 
3.6134181959987446 2.7494692442881172 
3.643189582468554 2.9068111506504977 
3.6556687763665243 3.0507651911496803 
3.6520692350135198 3.1930729296074487 
3.632937677098104 3.3201569460742397 
3.5969462768804252 3.442379487560826 
3.54775944884437 3.548085255006847 
3.4847968984168936 3.641937743835856 
3.4050789675997075 3.726547050904128 
3.3164519863397612 3.7938867487665684 
3.2119385706758887 3.8495180472328663 
3.101733318257617 3.8882234532268107 
2.977069855604236 3.9132820197912466 
2.850026613424227 3.922446973315452 
2.716607547737484 3.917225300346863 
2.5716701672699807 3.896645894151439 
2.429129706506489 3.8629053280031798 
2.277410842114144 3.813531963150624 
2.1309847989604824 3.7535291472028645 
1.9778529080532192 3.6783450028379843 
1.8325120727375375 3.5954998658135517 
1.6829278980305196 3.4986328420320447 
1.5431347036456275 3.3973783314073733 
1.4074676614500272 3.2889911757204273 
1.2709099617983353 3.169497409866978 
1.146049339926315 3.050733749173409 
1.0221619578677033 2.923486834519912 
0.9104839894941331 2.8003426404206784 
0.8012150209684082 2.67173156461769 
0.7040551298716213 2.550361691337241 
0.6102404545678835 2.4267899808270874 
0.5278618962241377 2.3132176450364463 
0.4524876459889711 2.205534193921698 
0.3808453344966014 2.1006314346526835 
0.318733348006466 2.008858564361893 
0.2599334066232492 1.9230608065840773 
0.20892224435019863 1.8516979382083603 
0.16029601038157823 1.789201664289168 
0.1174871170532372 1.7417296815393262 
0.07746267881627057 1.706851705959867 
0.03765388354457054 1.684287497983431 
5.904570071317575e-4 1.6762520253398265 
-0.03810244252088275 1.682106389606389 
-0.07600795916826715 1.7012602945148572 
-0.11756122811051671 1.735192107213376 
-0.16005038934270302 1.7805399070948889 
-0.20824599923665757 1.8408215265971788 
-0.25875272077090467 1.9100734611369918 
-0.3142748945707455 1.9898151281271599 
-0.3783492129051367 2.0833560719975424 
-0.44594463003624246 2.181446962501677 
-0.5236659751800009 2.291707680946895 
-0.6050723601301246 2.4032346596289695 
-0.6977708692599551 2.524688961978178 
-0.7937672278878218 2.6440561789319545 
-0.9017191401973502 2.770600337213383 
-1.0120407898348653 2.891796148392636 
-1.128945574776127 3.01164746783144 
-1.2577200758038753 3.133922207657625 
-1.3865783928119897 3.246498305157909 
-1.526481395846167 3.3580784810939464 
-1.6644386810672822 3.4575797638957626 
-1.8120043052216581 3.5526671080628183 
-1.9553204792841166 3.633865084758354 
-2.09967106683146 3.7044490354321242 
-2.2504566030832684 3.765868551542113 
-2.3933309167366583 3.8119332524095118 
-2.5399293000048653 3.8460788502178658 
-2.676203481950733 3.864775882708792 
-2.8131528397532426 3.8692932518114747 
-2.9375675235035024 3.858990202096919 
-3.0594038091930447 3.832836802514685 
-3.166832687762782 3.7931793025007767 
-3.2642028489327255 3.739429137163191 
-3.3540905841532163 3.668567370784439 
-3.427664301682079 3.587284822338602 
-3.490644712507377 3.4889026993150165 
-3.5367593434126583 3.38277709643744 
-3.569491799934865 3.2602382310651623 
-3.5854662882070047 3.1329717537380075 
-3.585729344722439 2.9906015421773002 
-3.5700298955842444 2.8467127011561586 
-3.53866478841445 2.6965274423655914 
-3.4892202472031766 2.5341609685739908 
-3.4262500320592966 2.3750814091589554 
-3.3444727585240903 2.206274609852952 
-3.2515780629986297 2.043781763239655 
-3.139900757311046 1.874256180875516 
-3.0200367443409233 1.7137471259827444 
-2.88842246761468 1.5560765201819402 
-2.7394713276973963 1.3955186982872012 
-2.587410877854946 1.2471460121801536 
-2.419883995016537 1.0985492011813343 
-2.2529327883334416 0.9635613057752759 
-2.073025717114096 0.8307549837420295 
-1.8974179096925052 0.7123497097752824 
-1.7118992735050336 0.5981536972381364 
-1.5342793694108947 0.4984994533242922 
-1.358141679697046 0.4084668110383102 
-1.1773288121997583 0.3247563948887962 
-1.0092029423846307 0.2546287513226811 
-0.8401666554971312 0.19154078975590855 
-0.6864410862282093 0.14068464304439607 
-0.5355767700804022 0.09698762249951413 
-0.4020295287265212 0.06370363440781801 
-0.27495476915322486 0.03710765247836246 
-0.1664946037265609 0.018750810107793874 
-0.07176417343745599 0.006487020339968648 
0.011755711861857338 -7.905678638217007e-4 
0.07616152332264185 -0.003440922560527188 
0.1268064206053023 -0.002809040882366732 
0.15898641042942105 -2.3621426541543818e-5 
0.17549529244341974 0.0040110156824454115 
0.17495044761812348 0.007852042751906896 
0.15865459249263944 0.010622114096523557 
0.1251948499835346 0.011279305665897637 
0.07804662417905563 0.008766213925828981 
0.01369480737957401 0.001858040732164772 
-0.06138603900135377 -0.00970823375742003 
-0.15293904997316055 -0.027806772168331235 
-0.25185381504252347 -0.05153892744551978 
-0.36578069546312664 -0.08366100126666465 
-0.4834478948941344 -0.12182439458817196 
-0.6081992002142728 -0.16757224663804865 
-0.7446105905234431 -0.22370350720499296 
-0.879255092732306 -0.28538808181893166 
-1.0226789890540744 -0.35814039423488087 
-1.1608009332903646 -0.4354072754279638 
-1.3044754369084186 -0.5238265864651306 
-1.4396289414731902 -0.6152117930439394 
-1.5769161713661817 -0.7172062018701378 
-1.702920479801079 -0.8201933671280337 
-1.8223566362263786 -0.9276478267353385 
-1.9388272611604154 -1.0437589731631718 
-2.0409970574455545 -1.157380572447827 
-2.1369990635341103 -1.2776463912042877 
-2.2175268405355726 -1.39290901520918 
-2.289032792092678 -1.512334285432249 
-2.344628807128151 -1.6242687512438672 
-2.387202218163203 -1.7327008276073002 
-2.417411511181628 -1.8409766953162745 
-2.432429926736956 -1.938417674812521 
-2.4335818072920348 -2.032579248752231 
-2.4208880078081427 -2.1140977832493237 
-2.39348850781624 -2.1892091316388673 
-2.3541934841438907 -2.2503582641830424 
-2.3000363574526688 -2.30212233882978 
-2.2364315309800853 -2.3391863440234375 
-2.1620956363358275 -2.363401354407277 
-2.073888788268249 -2.3743960075382406 
-1.9805175341557115 -2.3707984950036947 
-1.8746823726998139 -2.352000339508666 
-1.7667754295764753 -2.319526955412316 
-1.6483043553510728 -2.270479775852196 
-1.5308484825856359 -2.2093356160741324 
-1.4051055811893398 -2.1309315993263156 
-1.283308202219957 -2.0426171767757464 
-1.1612782417195 -1.9419488174027142 
-1.034762064570106 -1.8243664750705886 
-0.9159666870344525 -1.701066592896843 
-0.7953054926037828 -1.5620100111918123 
-0.6843372402406307 -1.4205105259735153 
-0.5740101056258801 -1.2651138692983623 
-0.4747925917593707 -1.1107530496018718 
-0.38249456360843476 -0.9522615486983224 
-0.2940718154255773 -0.7837761148909139 
-0.21772957868040874 -0.6215460805679224 
-0.14693377932343038 -0.4525457347110665 
-0.0880861924774546 -0.2931007638067605 
-0.03595027743244006 -0.13043300322833998 
0.004972440948076534 0.019724851500370517 
0.03858127749593065 0.16939052017472875 
0.06225537297254182 0.30407684625204734 
0.07806228675749945 0.4291197185943052 
0.08674833652402221 0.5481854463172977 
0.0882154953459532 0.6497420141210175 
0.08340137135010693 0.741906890016893 
0.07357149103826428 0.815754784323485 
0.058811430522625815 0.8771922244879597 
0.04138957041908929 0.9202756109754785 
0.020817206400855146 0.9484601324851911 
-5.284078240704712e-5 0.9590313430238219 
-0.021032718282069658 0.9534896558611174 
-0.04195468050833617 0.9305559116532381 
-0.05993525349912109 0.8924809238202475 
-0.07551348281154342 0.836257334091523 
-0.08634924425206716 0.7673683083805668 
-0.09244758330225837 0.6803506298236678 
-0.0924303478730153 0.5836749310178511 
-0.08594940428584916 0.47487562450571713 
-0.0715729906328658 0.34939138224609667 
-0.0500009733068345 0.21941685636666444 
-0.01881539518552423 0.07460287875210594 
0.019575525696056566 -0.07099240532781721 
0.06884320637772551 -0.22897950119625826 
0.12473788748214187 -0.38403985722024897 
0.19223040002908298 -0.5485605963408419 
0.2652090213831281 -0.7066126767362566 
0.3460512707857013 -0.8637533922537659 
0.43844126639832487 -1.025398317709998 
0.5337070249678239 -1.1759417735351299 
0.6397038923999544 -1.3274888755406646 
0.7463439549469633 -1.4654482925422094 
0.862290132871745 -1.6009597527387285 
0.9763982366040085 -1.7210245166227371 
1.097833894449546 -1.8353947422650205 
1.2148369720160712 -1.933159885233014 
1.3314491690797559 -2.018742893925175 
1.4516078202210072 -2.0944816513107827 
1.5635718401028225 -2.15326464710991 
1.6761507084691412 -2.2000464876834798 
1.7782838433196553 -2.2305531771244373 
1.877945735790132 -2.2475104742707113 
1.9652879308870483 -2.2495584678943636 
2.0437315976361274 -2.2380121487927584 
2.1151495118757877 -2.2118438991889615 
2.1723986933672066 -2.173889754266698 
2.21981251979178 -2.1214362950176318 
2.2525708465290704 -2.0598626655981787 
2.273054550722794 -1.9845572573281187 
2.2790630324741654 -1.9030955824714462 
2.2708574052173853 -1.8092504639714992 
2.249038643806401 -1.7123610136718037 
2.21360479884076 -1.6097080673057524 
2.1622189931016242 -1.4975496500654162 
2.099715490188119 -1.38692244311574 
2.0209687954675037 -1.2691332298778841 
1.933505462953989 -1.1556945848117892 
1.8302519571269953 -1.0376076108508 
1.721154120349829 -0.9263309947810546 
1.5974584581223388 -0.8129445902019611 
1.4711373319565986 -0.7083577926933554 
1.338281977812905 -0.6084936581108271 
1.1938776633720578 -0.5100367329105578 
1.0519685497864 -0.42229503441458127 
0.9012948464422179 -0.3379553006732911 
0.7565472044123419 -0.2648479192692409 
0.606277652372198 -0.1967113853715684 
0.46517106646931167 -0.139695550783032 
0.3282049722984621 -0.09074196762215546 
0.19108534880735056 -0.04812934581563511 
0.06726011150076905 -0.015375867277438603 
-0.052981520227926314 0.010835963599224101 
-0.1578110282047706 0.028674611272706294 
-0.2554085488604812 0.04036414536302896 
-0.33613073169972535 0.04556676000084338 
-0.4062259336977899 0.04558205715058206 
-0.4587131229658777 0.041276345006486796 
-0.496244425332332 0.033667721856940426 
-0.5188900612969385 0.023231282267644177 
-0.5242724510354587 0.01192465545605551 
-0.5126311416144111 -1.3265422049186615e-4 
-0.4849191201817608 -0.010795486730184534 
-0.4387421488120622 -0.019870499706046343 
-0.3784095939686765 -0.02548981237590084 
-0.2989322363400297 -0.027054764809624866 
-0.20785620900557944 -0.02343219651571919 
-0.10283717347991939 -0.013890352822885609 
0.020873977257678405 0.003309946452793327 
0.15143315395400656 0.027440271909792827 
0.29941906511465655 0.0613996831220065 
0.4506315035667479 0.1027869934195454 
0.6172969962285367 0.1558205775076112 
0.783405666917541 0.2161888599012854 
0.9545062836746941 0.2861458716585895 
1.1370133872641217 0.3695631324753003 
1.3133914816437877 0.45907373563755455 
1.4978940114483767 0.562544344864678 
1.6728042990097 0.670582144918743 
1.8522736907744022 0.7924440806845027 
2.019089377295452 0.9168697482302789 
2.18677494609773 1.0543343054011678 
2.3392784521158356 1.1919804637591072 
2.4827170768929157 1.3346624010354897 
2.6216525455931814 1.4880623616520248 
2.7428489875217603 1.637659703389057 
2.8562386320757813 1.7957300012926138 
2.9510797303402314 1.9472286909105172 
3.0352174260152207 2.1045122779555596 
3.100759436993176 2.2525504997292436 
3.1512880181514205 2.396909995101164 
3.1877952874990307 2.542496635081935 
3.207014712732677 2.6753419148591413 
3.2107682207011754 2.806185509856598 
3.1989589156558518 2.922454223418012 
3.170919975378523 3.0335346737126994 
3.129619755635138 3.128747388591832 
3.072012725916983 3.2157805479902177 
3.0039041633787464 3.2862748649537052 
2.9239688698917434 3.3436513272657646 
2.8288145129216 3.389065829138177 
2.7278167750311817 3.4181953548899293 
2.6130408566037064 3.4334546896272 
2.4957001782413872 3.4334549286078286 
2.366479439737583 3.418299997292667 
2.237914092677364 3.389565610106558 
2.099702704573561 3.345080868926795 
1.9651612012773862 3.2892840950922135 
1.829576547203605 3.2212364324139555 
1.6880007907390184 3.1378934781586207 
1.5539203735323992 3.0474900786901142 
1.4163185950597195 2.942983514467072 
1.288182131092806 2.8346774215027657 
1.1588444213457063 2.714115923822862 
1.0403718500719488 2.593171756686316 
0.9277147883659864 2.468147221916476 
0.8167651659614712 2.3346424781603696 
0.71762802206076 2.2057923675186712 
0.6216364146115005 2.0715135194477856 
0.5373295238461029 1.9450114892538137 
0.45710507215943263 1.8163815279303943 
0.3878655863905476 1.6982692102637496 
0.3231023753241189 1.5814221740985457 
0.2681221007986769 1.4773234014498313 
0.21952419507581716 1.3819252562583344 
0.17496927202133075 1.2926675136509205 
0.13768793120297948 1.2183149027476727 
0.10351640230042326 1.1530315331587229 
0.07462236136432711 1.1032212733133453 
0.047462373451089675 1.0649661107289605 
0.023488309279298555 1.0420088476702474 
-4.7748799857559766e-4 1.032530343015315 
-0.02330736977273483 1.037440500066933 
-0.04698055501271065 1.0559381678968431 
-0.07361517370881826 1.0895463646253798 
-0.10180568515981789 1.1349336487514021 
-0.13503252431573354 1.1956236248458132 
-0.17121131762999242 1.2656190385881554 
-0.21440709479231781 1.3503672330290315 
-0.2615090930357048 1.4415026663403208 
-0.31480380289335125 1.5413951819319796 
-0.37760426599514907 1.6539123160924536 
-0.4447768401806485 1.7679543699956255 
-0.5226450385015908 1.8924107440527673 
-0.6045140046600013 2.015005317363972 
-0.6977675526449022 2.14529440942888 
-0.7941077746225884 2.270425665857493 
-0.9019509209974884 2.400150875487775 
-1.0114656287002877 2.521669824710737 
-1.1266323366498818 2.6392212836542597 
-1.2523431451784186 2.756362471467264 
-1.3768510836154169 2.861523577633691 
-1.510497277466792 2.9628802408637744 
-1.6406433282359925 3.0504079102266184 
-1.777952980776394 3.1308931977047325 
-1.9093153236610474 3.1963546012124793 
-2.0453704305598706 3.251839772943327 
-2.1730194107768783 3.2918132252188315 
-2.2969689176653385 3.318426946475333 
-2.42123616943685 3.3315373276295905 
-2.533721529582964 3.329750487926082 
-2.643304385989689 3.3128042117471237 
-2.7392281376531797 3.2822378311126936 
-2.828971968130393 3.2355097419669807 
-2.9036360838832467 3.177060621242991 
-2.9663850703658863 3.105676595436726 
-3.01830020210724 3.017912187798976 
-3.0540767822674053 2.9221932773855066 
-3.0762642471361845 2.8107887054504874 
-3.08240884498358 2.6944088527226993 
-3.0726686361251523 2.5636597401966754 
-3.04766702754257 2.4311087947000933 
-3.005062809760496 2.2860455463548526 
-2.948658764507541 2.1423951549738867 
-2.877204677426265 1.9952718559525382 
-2.7868535465496174 1.839166814449951 
-2.686044265117436 1.6890095526939135 
-2.566395909653549 1.5325672040290628 
-2.4392009369109338 1.3847442144168527 
-2.2939887488732307 1.2334276789813956 
-2.1445476501218135 1.0929581994752608 
-1.9786511468134693 0.9517348086337966 
-1.8121124158798925 0.8230455627161986 
-1.6393386821034797 0.701491399429663 
-1.4536704776263063 0.5828640404510717 
-1.2728666470413652 0.47814287247786974 
-1.0822475738996291 0.3783725220948661 
-0.900068946045939 0.29262389828480717 
-0.711557630539325 0.21337196226580862 
-0.5347784732919147 0.1476208534957292 
-0.3630615709326025 0.09167446235292394 
-0.19061575964842178 0.043493649055507774 
-0.033960904455657484 0.006966773041926145 
0.11961646487659036 -0.021684244708367103 
0.2554225459620447 -0.040521529846347805 
0.38450520705840086 -0.051965033857270325 
0.494545901485708 -0.0557891245613696 
0.5945379874735358 -0.05325412763938328 
0.6749866310306558 -0.04551828222210705 
0.739950735015724 -0.033567838455839265 
0.7908176131586945 -0.01766496470549975 
0.8228629433721645 -2.747393890235986e-4 
0.838867416176793 0.019017124395359276 
0.837491681444905 0.037432398640483554 
0.818853166928035 0.055493336474469086 
0.7849742801925552 0.07057483851527599 
0.7333795849406924 0.08297842792530426 
0.6692862594367693 0.09067899948691444 
0.5916402232178412 0.09345583268589398 
0.4970432697503636 0.0902752909462929 
0.3948718827243435 0.08072966256971309 
0.2771814616099858 0.06334262317001016 
0.15557311763991813 0.039172327623162806 
0.02053192200908107 0.0056749968193120425 
-0.11468008627022803 -0.034430193197299175 
-0.2542661789752912 -0.08247748320397999 
-0.4032007990785553 -0.141116341364201 
-0.5469196232223077 -0.20502963820965128 
-0.6967815891015132 -0.2796504507353011 
-0.8381706296180815 -0.3580006111945925 
-0.9823032425684792 -0.4465472547908783 
-1.1151624075905437 -0.5368514393702328 
-1.2473322958962896 -0.6362189253287948 
-1.3660032138427014 -0.7350552538392648 
-1.4759086997562338 -0.8365766244949958 
-1.5802944648062545 -0.9444122646350294 
-1.6691185192266773 -1.0480025783001259 
-1.7495803003510886 -1.1554593461028575 
-1.8140059558305757 -1.2561762193690766 
-1.8676974292254196 -1.357953732295819 
-1.9056213473336026 -1.4506656959342816 
-1.9310091313751103 -1.5414064146629136 
-1.9416104939058825 -1.6210636610243856 
-1.9389458057673943 -1.6925971389416832 
-1.922259006606957 -1.757544012624618 
-1.8934208511448118 -1.8092373545880713 
-1.850406968678052 -1.8513988834769532 
-1.7976548233589673 -1.8795522392064725 
-1.7312395730921069 -1.8955281639692068 
-1.6578687250447839 -1.8973847291243175 
-1.5758799892168263 -1.8857127216889036 
-1.4821140957016972 -1.858772398021859 
-1.385905797459225 -1.8187995459395145 
-1.2798179659337143 -1.7622160979579928 
-1.1743453797403085 -1.6941561299063126 
-1.06126705146027 -1.6088299036722806 
-0.9517066640880812 -1.5141903679246589 
-0.8370579442364194 -1.4023635532745644 
-0.7285348057453638 -1.2839093897605194 
-0.6222982143455201 -1.1551740456374902 
-0.5148642576025922 -1.0107495680094392 
-0.41663430396302836 -0.8644174300350358 
-0.31970699960423893 -0.7042848895615424 
-0.2333785915309274 -0.5456974947113937 
-0.15060281977639686 -0.3758269662845943 
-0.07921224390396457 -0.21100186821534955 
-0.013254213259470604 -0.03793542776896392 
0.041162896934904734 0.12669889644918778 
0.0868675853385548 0.2888517298546107 
0.12523147495459036 0.4540301294938408 
0.15295741742052757 0.6062827850605313 
0.17275224945663048 0.7578175963309278 
0.18320315571147078 0.8939846914903443 
0.18572252778543408 1.0256885252130659 
0.1806469081910105 1.1401864614486397 
0.1689027813532215 1.24230891142217 
0.15029558822045805 1.3347443367705367 
0.12729726372975658 1.408544153237499 
0.09880374911974847 1.4696108843447329 
0.06828475992294089 1.5120336387843496 
0.0340685611146044 1.5392081984169173 
2.0162993100509741e-4 1.5485087076319728 
-0.03524133282895713 1.540686957450644 
-0.06809120339861738 1.5165103277640524 
-0.09886485489772152 1.4762637850080813 
-0.1277305860050525 1.4174565672439523 
-0.151185383203372 1.3457982508134303 
-0.17037354712886443 1.2555759702741185 
-0.18277119907287925 1.15554125178855 
-0.1886920284558346 1.0377101025651503 
-0.18695511649622437 0.9135028461636188 
-0.1768135818124489 0.7729949359224071 
-0.1587140892720113 0.6297921328617667 
-0.13209979371481678 0.4794184522886834 
-0.0949869538516283 0.31614872257223514 
-0.0505612833878687 0.15576503845876127 
0.005112815126617509 -0.014598913873259924 
0.06695814090621989 -0.178501223741917 
0.14020117887292907 -0.34912180041863927 
0.21796645296365294 -0.5100273912898818 
0.3026480824326609 -0.667167229750458 
0.3977855793747403 -0.8258606021420883 
0.4942411712916482 -0.9708886679263938 
0.599757860884244 -1.1140270451370036 
0.7041037115435566 -1.241607237227158 
0.8155622515625827 -1.3640574619607682 
0.9232457065368682 -1.4697576328360555 
1.035624708807658 -1.5674340527227206 
1.1416530570052372 -1.6479093281931432 
1.2449892745833482 -1.7151987759622234 
1.3487990022435252 -1.77105881126897 
1.4427874653330204 -1.8104184720958165 
1.534191874061453 -1.8368002466333504 
1.6138844700150794 -1.8480170408780106 
1.6879312585830337 -1.8453673630259895 
1.7488663624118 -1.829494653132832 
1.8012440441531394 -1.7995458125108437 
1.8396928338067668 -1.7588148943733102 
1.8660698161554947 -1.7070619909800644 
1.88015260668261 -1.6421367207697724 
1.8802979165786189 -1.570704551941035 
1.8662343516554194 -1.4874423080404087 
1.8390725355132562 -1.400761635110643 
1.7963933347040366 -1.3040805744197688 
1.742116380330236 -1.2070649525571406 
1.6750442838523236 -1.1068607813325144 
1.5917925364568009 -1.0000293524483013 
1.5002788685853474 -0.8971238316390194 
1.3930608062696839 -0.7900960711079955 
1.2804281502732293 -0.6894368125272511 
1.1533051339494247 -0.5871846136802081 
1.0239612059878065 -0.49327467765807725 
0.8820393260359191 -0.4001811899169513 
0.7412926128190271 -0.3168502266191737 
0.5971154650673631 -0.23983042437603672 
0.44433333064044117 -0.1667039990679175 
0.297819071263182 -0.10432083166800737 
0.14596289932350567 -0.047388667587349706 
0.003586503688563837 -0.0010777877205002855 
-0.14055189477077462 0.03873649469231848 
-0.2723465634836368 0.06865056868279677 
-0.4021639578365529 0.09159121298895606 
-0.5172613570666372 0.1058919457020303 
-0.6221446226476268 0.1131641458778266 
-0.7195467172781902 0.11385208311381705 
-0.7998425301316016 0.10857968682971489 
-0.8692430180028049 0.09769968018873978 
-0.9208288876224952 0.08303089034180616 
-0.9585128135032813 0.06424589344851132 
-0.9784467616446889 0.04398782245780814 
-0.982231232464682 0.022523105993194112 
-0.9686781010188357 -7.116306701229127e-5 
-0.938908338782209 -0.020728326162065068 
-0.8903426153350125 -0.0401580248391176 
-0.8275000117892477 -0.05558667604532357 
-0.7451654000336655 -0.06730173890470872 
-0.6511356785964123 -0.0732821073535357 
-0.5377099550169515 -0.07307530355788613 
-0.4157021534715445 -0.06583812430408958 
-0.2815477632729768 -0.05096365715944278 
-0.1295841465941801 -0.02654785381572013 
0.025639322985223086 0.005843214660436963 
0.1967100995403593 0.049615577724343336 
0.36723151609130417 0.10126808873452658 
0.5510198710646644 0.1656764088658112 
0.7304549536264127 0.23726991295718944 
0.9200768921495365 0.32243868453207625 
1.101713623819795 0.413523155631183 
1.2819634171002947 0.5136288606034038 
1.4671946149891468 0.6273770268330545 
1.639688110212965 0.7442169252811854 
1.813477852014828 0.8739382631991561 
1.9719754426743688 1.0043607817736013 
2.1281210488625146 1.1462739809198297 
2.2670591537658744 1.2862380879737547 
2.3946767139313323 1.4291762766365435 
2.5149163277171773 1.580488977642652 
2.6164342357405217 1.725721689018948 
2.707675720347561 1.8766635826833693 
2.7801242586072497 2.0188377346321094 
2.8399184424674098 2.1637327642314266 
2.8816000593900544 2.2974103299951874 
2.908857580680894 2.430636322793087 
2.9193881820784795 2.5505676420808405 
2.9149420301284135 2.661995766230826 
2.8946761402001484 2.768232402948401 
2.8608764985552795 2.8590192523700364 
2.811172689522206 2.941641850969765 
2.75067648773592 3.008123929132212 
2.674849228728871 3.063808609305994 
2.591293220637711 3.1033339096509462 
2.4935767461117777 3.129898666920558 
2.3913677250447627 3.140975138888739 
2.2818124835633498 3.137976506702562 
2.1607497188861298 3.119894826820547 
2.0400002668476787 3.088558592703613 
1.9099678722231015 3.04155843734253 
1.7832523716513808 2.983549500397413 
1.6496788830801 2.9100184202338775 
1.522088635247318 2.8282163052348976 
1.3958146355172736 2.736166038353403 
1.26635822138224 2.6301318523991166 
1.1459937505951783 2.5205481145056776 
1.0247570970482704 2.3988405691677657 
0.9140064732045889 2.276979521464845 
0.804417415606189 2.1454250790682363 
0.7060981828224452 2.017112574038927 
0.610589173949498 1.8819944357941376 
0.5265149365889019 1.753354659885176 
0.44974431426140876 1.6267982682157895 
0.37734950717253357 1.4982866012175318 
0.31554913486896163 1.380453147543646 
0.2585075803602997 1.264069035852804 
0.2108570652832446 1.160575282857033 
0.16779471137640067 1.0618658908199625 
0.13251371030293535 0.9776441571885691 
0.10111836665480098 0.9013132492705683 
0.07560394922504515 0.8403762715703114 
0.05371552873876844 0.7919538754599459 
0.033802119031767865 0.7553089791518273 
0.016682423211941064 0.73404271878606 
-2.0133690528459966e-4 0.72648789938788 
-0.016340430864520458 0.7333854191702087 
-0.03422000086687608 0.7552733193485061 
-0.053229108979415234 0.7899975845883754 
-0.07499573030636851 0.837799886640845 
-0.10160705158063933 0.9011606161012895 
-0.13155716186553418 0.9738481067647957 
-0.16834824652402972 1.0615519967255098 
-0.20942967071972685 1.1556472913805427 
-0.25912092812144033 1.2635000987145995 
-0.31354478236445815 1.3745045387625159 
-0.37799656942243953 1.4973509466034338 
-0.4470764900113711 1.6199593854909977 
-0.5234977799659069 1.7461323340112727 
-0.611185808027589 1.8802823430276046 
-0.702329427149104 2.0092177526572272 
-0.804875320743216 2.1430322117514176 
-0.9094553135169582 2.268566009884065 
-1.024962432534864 2.395644789988677 
-1.1406514800864822 2.5117689184584933 
-1.2661738675325398 2.6260241095255608 
-1.3896927222679032 2.7271677246743375 
-1.5155950672183234 2.819160900974767 
-1.6486187843674187 2.904394898378976 
-1.7760269281193792 2.9744704554809034 
-1.9081012149025636 3.0348494866303595 
-2.032089732922036 3.0795659823956942 
-2.15789284005993 3.112083085318861 
-2.273269871795726 3.12915992835891 
-2.3825359018358467 3.1322705846383654 
-2.4889080408558915 3.1204880657920975 
-2.5819085242141915 3.094897674636878 
-2.6687501619544154 3.053404908262666 
-2.7407847159442675 2.9999903055029673 
-2.8034912061363197 2.9303503580609953 
-2.8505117938611093 2.8512018499746814 
-2.885283884646943 2.7561902204157636 
-2.9041226281045045 2.6544901700851886 
-2.9083473936438247 2.5432083774748375 
-2.8967437819889437 2.4177886609073043 
-2.8700951824587966 2.290331021913661 
-2.8259083556691325 2.150583959916147 
-2.7681214299134584 2.0120067140512994 
-2.691756457065949 1.863422267746375 
-2.603876606300461 1.7191050613612093 
-2.4971117426177436 1.567369707967253 
-2.3814851601439804 1.422743334057755 
-2.253522648354088 1.2798861382492943 
-2.107629423110152 1.1337298559690872 
-1.957650532150202 0.9981640334917047 
-1.7913080015857623 0.8620311920018909 
-1.6244514030070516 0.7381747278177373 
-1.4434791045735331 0.6162900495143295 
-1.2656810801346077 0.5077600362831011 
-1.0848696550724033 0.40775262061225237 
-0.8943470867652158 0.31286525130417053 
-0.712358689408244 0.2317428655670724 
-0.5241466291253148 0.157279636911082 
-0.34774795441796313 0.09606209192141046 
-0.1688656105738178 0.04249291014878275 
-0.004643772109869552 0.0010604955832169516 
0.15823254853382743 -0.03232566579781426 
0.30416363326441365 -0.05519743863040699 
0.4391431799460306 -0.06975133118043998 
0.5672721948853664 -0.076772632961221 
0.6763161810007393 -0.076421333561851 
0.7751790127529884 -0.06957935866246907 
0.854465062600376 -0.057780619387552634 
0.9207055456484192 -0.04101616567260819 
0.9676709059606203 -0.021794848774533793 
0.999316350430572 4.8048184340024477e-4 
1.0127700805622752 0.022771728580202037 
1.0098357149048771 0.04494795880970302 
0.9894875836559447 0.06687296053551207 
0.953897798647317 0.08558408885727035 
0.9004365591451082 0.10171114374132537 
0.834484531911741 0.11290360211175368 
0.7509840734969545 0.11925304773067984 
0.6582216779145817 0.1194232642147672 
0.5539812755078714 0.11315187133027928 
0.4340571483727407 0.099107855639932 
0.31024637111791376 0.07805694218516762 
0.17283577081807802 0.04773711187860594 
0.035295425080007804 0.010589551475855313 
-0.11321118548660039 -0.036824793828031346 
-0.2581675368869438 -0.09030241930171765 
-0.4110368445063097 -0.15447184680293968 
-0.5569156184444342 -0.22339599856560113 
-0.7009063016722871 -0.2992185138123295 
-0.847807816711402 -0.38521714681038094 
-0.9833594005347184 -0.47317558813383287 
-1.1183867175996576 -0.5701873283082499 
-1.2398284138703672 -0.666863524230949 
-1.3574363258189246 -0.7708858262287404 
-1.4598881317459187 -0.8720881790088654 
-1.5554733274373165 -0.9784149971126916 
-1.635054775430942 -1.079389215333399 
-1.7023877251349593 -1.178415321666996 
-1.75913633831256 -1.278523576615853 
-1.7999978861588244 -1.3697324262434512 
-1.8284671357771243 -1.4589987727066045 
-1.8420223855135582 -1.537337691510939 
-1.8420162439373942 -1.6106288890785951 
-1.8287185639080539 -1.67139682897002 
-1.8028332844664143 -1.722038410829504 
-1.7628994066022365 -1.763190827787401 
-1.7130835406520786 -1.7904637167717206 
-1.6497247064031026 -1.8056057719014138 
-1.5792618836404153 -1.8067455602398605 
-1.4963799552190298 -1.793549804922798 
-1.409397811500477 -1.7669044994559233 
-1.3116602934088495 -1.7242752702080804 
-1.2128989984282308 -1.6694228354590246 
-1.110221638196809 -1.601015003202595 
-1.0000357098029726 -1.5153951154098204 
-0.893211842669592 -1.4205392322819417 
-0.7813910969673504 -1.3085511562992316 
-0.6755402968821067 -1.1900024558078373 
-0.5673056601298159 -1.0551491019082846 
-0.46723242661974673 -0.9168216063795522 
-0.367344272361011 -0.7637425200642883 
-0.27729393523390194 -0.6105522187576408 
-0.19346330911478446 -0.4521338278272594 
-0.11326079069845897 -0.2824889007722877 
-0.044295025521500636 -0.11792459874372158 
0.019166256741923682 0.05482390118339721 
0.07123175871406047 0.21911231197337377 
0.11638450068828657 0.3881475675139206 
0.15060118750786475 0.5456142436841352 
0.17608367393424365 0.6974042759005472 
0.19357063326935675 0.8484166979726782 
0.20184971298743484 0.9840479056889183 
0.2021356378117523 1.1151543946472984 
0.19495896869500737 1.229046065082431 
0.18037434019177664 1.3348297184885376 
0.16041691374542605 1.4222594523850185 
0.13418028821526146 1.4983208608065164 
0.1048774004493662 1.5556434130248298 
0.07243167853270165 1.5972915745849798 
0.036237968288802595 1.6236215349755276 
5.149481287789594e-4 1.6320809417873705 
-0.0368310647467055 1.623345164375901 
-0.07146504319491008 1.5982610986357269 
-0.10539860389794019 1.5548261376947734 
-0.13464131741831306 1.497250483050807 
-0.16079863824196938 1.4209362299968578 
-0.18066566231552647 1.3332784471705244 
-0.19465791541490216 1.2321727410435788 
-0.20220351045666454 1.1131882901015686 
-0.20197930345573537 0.9878461241226772 
-0.1933748887939907 0.8461190792618198 
-0.1767022562393573 0.7017195669297294 
-0.15011785519140003 0.543081830019274 
-0.11575722482292122 0.38553844954180755 
-0.07262294332078055 0.22387204516769119 
-0.018249251321484767 0.052139102010237956 
0.042400684798056504 -0.11309814060086218 
0.11444563382722205 -0.285139443306245 
0.19111513272346403 -0.4474264621417836 
0.2787066537254956 -0.613061889269234 
0.3688488158994594 -0.7661467867951607 
0.4688166772301511 -0.9190918817392454 
0.5689489794009328 -1.0572700822618384 
0.6724581810107423 -1.1863161861133658 
0.7830975024934684 -1.3103102129662836 
0.8900504113911666 -1.4174955965324805 
1.0017209693872238 -1.5167312340376597 
1.1071242722872452 -1.5987018285380519 
1.2144745361418328 -1.6702950410282091 
1.3131498217233737 -1.72491221352077 
1.4107752061062462 -1.7672932745383512 
1.4976295516574765 -1.7937017357266691 
1.5769486999515245 -1.8063983736610432 
1.6506546044316275 -1.8052854673732253 
1.7113096394114813 -1.7908707250143965 
1.7634409920907967 -1.7624314631337945 
1.8016969701816417 -1.7231285708847244 
1.8288181193217437 -1.6702497941545449 
1.8418854689168913 -1.6093157497404629 
1.8419546178894288 -1.5392541225360328 
1.8278483060117638 -1.4574014931580563 
1.8006788368782047 -1.3720457382976614 
1.7580241859947767 -1.2767242521970612 
1.703799765900036 -1.1809837727813033 
1.633465617511826 -1.0774749828590693 
1.5536633598720218 -0.9764766240164995 
1.457859522159797 -0.8701466650462226 
1.3552126109342464 -0.7689618277240087 
1.2427465077402526 -0.6694445034823095 
1.1158155216599148 -0.5683578411282109 
0.9866706801466733 -0.4755359328980424 
0.8449713306377548 -0.3835522685775767 
0.7044497506631572 -0.3012569065208645 
0.5539082879568328 -0.22195244170619327 
0.4079829412154253 -0.15315238993372118 
0.2550917491118608 -0.0891209410182429 
0.1101403476100743 -0.03578099385282673 
-0.03196732340733601 0.009613026275718872 
-0.17581820541607787 0.048491045258801956 
-0.30733202615638217 0.07752994844552182 
-0.436850034558802 0.09957598036439598 
-0.5516557018430839 0.11303955029104917 
-0.6607328828815892 0.11962708304638144 
-0.7533279392636322 0.11934029786343449 
-0.8333156333605723 0.11328097412770693 
-0.9023876629643073 0.10159434983425943 
-0.953652841340684 0.0861687758437186 
-0.9909941127173647 0.06660747142857308 
-1.0105926218018655 0.04562064716716556 
-1.0138016753157304 0.022420677749680644 
-1.000111630425968 1.1185556307757513e-4 
-0.9682202482901022 -0.02216464756141723 
-0.9210235775024512 -0.04137084128863401 
-0.8577965375550506 -0.05746215069261744 
-0.7750473902949325 -0.06985582510934109 
-0.6806083922531466 -0.07647139936616269 
-0.5667407705392499 -0.07691366141385654 
-0.4442963089387555 -0.07028241881687079 
-0.30330233424177366 -0.055156738100434644 
-0.15724068760491106 -0.03218347900176419 
0.0057480724271095915 0.0013149156632463136 
0.1700529927205392 0.04285842320748354 
0.3410858643392242 0.09399013200700586 
0.5254248896940976 0.15787454583344349 
0.705401755001921 0.22898751242549106 
0.8956054628118962 0.31367639988242435 
1.0778128649383363 0.4043242664915598 
1.2668077152091253 0.5087547315073668 
1.4445016298914093 0.6173568405050288 
1.6176037323169048 0.7338318575774256 
1.7920410805248483 0.863198444402912 
1.9511678143469655 0.993307787282937 
2.107979959335654 1.1349214436604969 
2.247562680010827 1.2746260753466605 
2.3813752528213987 1.4238701841858692 
2.496753885474856 1.5684295456481574 
2.6032469552760977 1.720068874752116 
2.6908574329556063 1.8642689202038942 
2.763962735646991 2.0063195902533617 
2.824440928927506 2.151113357505294 
2.866772651295584 2.284720120169189 
2.8947037219178937 2.4178985805820448 
2.9058711294224473 2.537808923603369 
2.90152865256154 2.654084831807483 
2.882432583452146 2.755501217635753 
2.8474044637917966 2.850196251473926 
2.8001537355232258 2.9290246486473968 
2.7402351911809903 2.9955905432174825 
2.6649954770364848 3.0513804798203332 
2.5819848275953117 3.0910217418911983 
2.484820204025833 3.1177219711805644 
2.3831208331428204 3.1289399686958412 
2.268944133237363 3.1256301668601294 
2.1534877064768247 3.1081785528602293 
2.0331909353144 3.077009235881257 
1.9036113591259933 3.0301889603857175 
1.7773094794889612 2.9723555943436306 
1.6441482138963828 2.8990100691433396 
1.5169332722776503 2.8173858590890317 
1.3853412797943812 2.721109767595015 
1.2619146911697188 2.6196609018485506 
1.1365108946840965 2.505105845802767 
1.0209549627770023 2.3887148278859915 
0.9104943207088302 2.2670147591944554 
0.8011931967466713 2.135621968452351 
0.7031358447729499 2.007457076279564 
0.607887618916359 1.8724853976317724 
0.5240515050288508 1.7439778436561868 
0.4442045053139295 1.6118717570955479 
0.37534330484347805 1.489155633413935 
0.31112466270585204 1.3662199257372134 
0.2569262018458257 1.2551513583729592 
0.20947427618713074 1.1517507523721116 
0.16661456495420413 1.0531316225064733 
0.13152356546333932 0.9689900672956452 
0.10032375264488616 0.8927373509819366 
0.07499414695511056 0.8318706395336083 
0.05237519924905005 0.7816238276945694 
0.0335661519828508 0.7469372336553082 
0.01662813937506382 0.7257336852901937 
-6.595644303190605e-5 0.7182440510447567 
-0.01602370586461533 0.7252046979788702 
-0.03371369260111744 0.7471606207294266 
-0.05254151845886313 0.7819530247776475 
-0.07518751943587855 0.8323061968043338 
-0.10054966452070291 0.8932692940799549 
-0.13178987639012263 0.9696158982088983 
-0.16692496321404232 1.0538395453422096 
-0.2078302333828395 1.1480339068566576 
-0.25734017559936745 1.2559995465761074 
-0.3115940767532373 1.3671214274990793 
-0.3758726906164906 1.490101130621439 
-0.4447921428110723 1.612847539050154 
-0.5246998306931349 1.7449724995213505 
-0.608592695834522 1.8734855926635947 
-0.7038977243127094 2.0084498359574656 
-0.8020058950749936 2.1365949785954608 
-0.906464869054665 2.2623202740423416 
-1.0218565549748402 2.3896097636139904 
-1.1374465897226347 2.5059449381418983 
-1.2628781572111183 2.6204299744294675 
-1.3863229307990637 2.721801444310077 
-1.517924381485523 2.817986609771795 
-1.64513858594893 2.8995152105890654 
-1.7725136432797994 2.969836594093706 
-1.9045683605478714 3.0304765649966177 
-2.028552621411931 3.0754451782543755 
-2.154366355573146 3.1082271236792227 
-2.269767799768572 3.1255571779552547 
-2.383875422072351 3.1287384309099644 
-2.485497879509697 3.1173973957375054 
-2.582571173576006 3.0905698501637278 
-2.6654845396887814 3.0508093562991476 
-2.73760705808522 2.9976274394394973 
-2.8004163542225395 2.928222479538886 
-2.8475445810704962 2.849289711001648 
-2.882437689327346 2.7544930960207745 
-2.9013990478862635 2.652987712571564 
-2.9055960880686342 2.536628207918946 
-2.89428637878638 2.416647681261322 
-2.866204546990179 2.2834067280803705 
-2.8237280142740233 2.1497510897475975 
-2.7660768304741143 2.0113040758703224 
-2.68985188130297 1.8628412060579551 
-2.602102687367506 1.7186263504239427 
-2.495469464327258 1.5669835820785076 
-2.3799626692747573 1.4224322656980297 
-2.2460235272556783 1.2732080809347885 
-2.1063279440434903 1.133533076311129 
-1.9564429949966835 0.9980051748043098 
-1.7901872645914922 0.8619004545684139 
-1.623401849837376 0.7380607727493442 
-1.44249074444964 0.6161841256638532 
-1.2647379429164074 0.5076537772363946 
-1.075694732832672 0.40330433417777883 
-0.8934539755918038 0.3127386551729524 
-0.7032290168322147 0.22813944132910327 
-0.5232448264142705 0.15711473211523128 
-0.3468205134521691 0.0958750712191635 
-0.16789666998380479 0.042282172504004005 
-0.0036215019135667995 8.277464419232329e-4 
0.15932421954973014 -0.03257944288029893 
0.3053340269921744 -0.05546827919272435 
0.44626357081744195 -0.07050960697859215 
0.5686375964393104 -0.0770647269507915 
0.6824235278696336 -0.07654842960852508 
0.7767778635400703 -0.06986797467663126 
0.856189042703849 -0.05805658381184679 
0.922566209227339 -0.041270354514173345 
0.9696665270321734 -0.022019574215481362 
1.0014559507779015 2.9593357960994014e-4 
1.01504870619263 0.02263477243838913 
1.0117396789094624 0.04585862473623246 
0.9920485909267693 0.06686137110011164 
0.9565930477728086 0.08564722015970315 
0.9032675261053366 0.10186140883915802 
0.8374395737345708 0.1131453913376458 
0.7540615085402825 0.11959847889150073 
0.6614080282345222 0.11987477999159855 
0.5522803246336053 0.11327323634160724 
0.4374372507674224 0.09979434853917257 
0.3078922841200489 0.0777314324368045 
0.176364849514071 0.0486766677722815 
0.03887942255764176 0.011656991809777438 
-0.10958296902725558 -0.03562217123570894 
-0.25450990415109026 -0.08897011502759253 
-0.4073620402581569 -0.1530046754032998 
-0.553237342416003 -0.2218015229234967 
-0.7037136015610165 -0.30109498626873277 
-0.844160994532436 -0.3833714376653575 
-0.9857711170403607 -0.47532550067033025 
-1.11482023355346 -0.5681087706353319 
-1.2363174665648426 -0.6646797518359195 
-1.3539937515016596 -0.7685990052396423 
-1.4565199105060351 -0.8697099394058952 
-1.5521911436440463 -0.9759490668668717 
-1.6318617678692848 -1.076847208195072 
-1.7020547243081334 -1.1802370505507749 
-1.7561420718887317 -1.2758501156360185 
-1.7971064552663867 -1.3670063722976982 
-1.8256855321433714 -1.4562255977432232 
-1.8393468713464076 -1.534526560157887 
-1.8394515012421497 -1.607784947718579 
-1.8262585289519804 -1.6685274170858668 
-1.7990128335909685 -1.7211942211110542 
-1.7606454919018104 -1.7602840330474843 
-1.7084071058228931 -1.7884907611283598 
-1.6476597830838358 -1.8026748000170485 
-1.5772811813354148 -1.8038048615672242 
-1.4944807012208576 -1.7905987293568693 
-1.4075696916744276 -1.7639420424981613 
-1.309899113528428 -1.7212980258184583 
-1.2111945535685156 -1.666427379694594 
-1.1038286806213442 -1.5945685728467922 
-0.9984250377709255 -1.5123447109128174 
-0.8867694940756575 -1.4128465213066408 
-0.7798456220580872 -1.305413426208225 
-0.674017300387444 -1.1868073026408028 
-0.5658004129707206 -1.0518820598507175 
-0.465739413269981 -0.913473498321249 
-0.3658600131831348 -0.7602958925578667 
-0.2758151633311539 -0.6069974507036546 
-0.18833790288352387 -0.4411488627322547 
-0.11178889198235206 -0.2786682600502139 
-0.04282668792796254 -0.11395135919042561 
0.020628977724161293 0.058972842954076655 
0.07268599920190456 0.22344478972976692 
0.1178252278980978 0.3926879397646641 
0.15202322120177783 0.5503684795479161 
0.178431756119088 0.7091377338670448 
0.19493152516656445 0.8536520065626705 
0.2033513208092954 0.995487971066431 
0.20339605747138287 1.1209243282932295 
0.19615304556946236 1.2350944912196502 
0.18148548249301957 1.3411797022793923 
0.1614348009249564 1.4289065412348332 
0.13508523635352934 1.5052861292057205 
0.10565882685188503 1.562918782557824 
0.07153373972958127 1.606408779786897 
0.03671724193478042 1.6315422988484238 
-8.188131730441176e-4 1.640327705822999 
-0.036722940184458264 1.6319149890262419 
-0.07156388928741551 1.6071453953175372 
-0.10573168872788054 1.564034841069487 
-0.13521532981686327 1.506763665757996 
-0.16164180706632122 1.4307599359954708 
-0.18178234463196905 1.343390166236543 
-0.196560811357854 1.2376751819267107 
-0.20392605915507167 1.1238557263958238 
-0.20401927303352566 0.9987662591024972 
-0.19576040337494716 0.8572883688884055 
-0.17943043846464615 0.7131117400608338 
-0.153215901237202 0.5546898893474618 
-0.1192191049065559 0.39733583056729344 
-0.07430641946785486 0.22842741946873135 
-0.022481442373578093 0.06426889369114222 
0.04071574839106428 -0.10833520631777972 
0.1094156893833524 -0.2727536212705185 
0.1856879172858441 -0.43494371488404954 
0.2728604835750209 -0.6004975947595643 
0.36259941949711594 -0.7535232093143345 
0.4621440943149628 -0.9064255432596043 
0.5618708800649027 -1.0445807714397553 
0.6697239215549446 -1.1792520589208402 
0.7751906399553788 -1.297626127592376 
0.881739873821786 -1.4048382114283962 
0.9929900803508283 -1.504117603557039 
1.0979931989755305 -1.5861443360886684 
1.204927241315009 -1.6578102113337703 
1.3032064999175532 -1.7125093211310567 
1.4004199554068586 -1.7549880449152284 
1.486882076102031 -1.781500468534318 
1.5692014278840813 -1.7945706861479294 
1.639108824913846 -1.7933252820032441 
1.6993745209629683 -1.7790406289286016 
1.7510986074110761 -1.750744875202695 
1.788964055574375 -1.7115857591116554 
1.8156750275085696 -1.658863482561319 
1.8283473233683947 -1.5980845780173725 
1.827689144032584 -1.5248058803052262 
1.8134899188238005 -1.4465028705236567 
1.7843401590810954 -1.3573000628522855 
1.7428223454320846 -1.2661776218017544 
1.6881746027039046 -1.1706164279380624 
1.6173888005418395 -1.0673004836458058 
1.53714489228012 -0.9664921825684704 
1.44086832161554 -0.8603673594248915 
1.3377578946823176 -0.7593855808515263 
1.2194658240209049 -0.6556224140472896 
1.0973753441113157 -0.5592211882582937 
0.9677293512278049 -0.46662796953752467 
0.8254919004060554 -0.37489460310059447 
0.6844418251647528 -0.2928505857416432 
0.5333333350904947 -0.2138227139207512 
0.38685180297802146 -0.14530178280049413 
0.2333649474660257 -0.08157881344199815 
0.08783059462933857 -0.02855127978030763 
-0.06126648492958069 0.01836928487348721 
-0.19935805703436305 0.055023142384734484 
-0.3314900894650084 0.08368958764446499 
-0.4616648051452718 0.10532227947572223 
-0.5771073602311879 0.11836627613139787 
-0.6868580649961235 0.12448855876563837 
-0.7801032116253169 0.12373015940946125 
-0.864094662350902 0.11674817539684737 
-0.930503679559537 0.10493437970909374 
-0.9844300138589139 0.0881411982501208 
-1.020453151073444 0.06877744927789314 
-1.0407041798300765 0.04717320184671093 
-1.0445896433569026 0.023295232871488193 
-1.0315389467671694 3.0652207226852823e-4 
