-1.0 0.0 
-0.9662247781803648 -0.023193848066170444 
-0.9130449492416394 -0.04385984710122609 
-0.8408550010529604 -0.060646393279121996 
-0.7461183859598461 -0.07260132836225491 
-0.6372955099799412 -0.07749130977742119 
-0.5120419481877019 -0.07477083741316615 
-0.3716231713103381 -0.06340914472083091 
-0.21748640090741328 -0.04250393357550791 
-0.05124212966730147 -0.011297429546687983 
0.13291215674030543 0.03280770662505672 
0.3183028680835866 0.08672368369946773 
0.5101209483163226 0.15222661367451484 
0.7063230637799444 0.22937391278338595 
0.9048217599954216 0.3180341774956763 
1.103511927582394 0.41788665103454664 
1.308424812387296 0.533251575010353 
1.5010354162434132 0.654182195115827 
1.6875986380151768 0.7842045565742076 
1.8662041554262347 0.9222854016348901 
2.0350516449504297 1.0672419863558305 
2.192472502316076 1.2177576695146557 
2.3426680798839183 1.378910281422214 
2.472231454346982 1.5362228249963639 
2.5862951751238485 1.694458997925265 
2.683900877757085 1.8519590416031175 
2.7642972008867575 2.0070344826837387 
2.826946555295502 2.157992142715651 
2.8729921636562477 2.3090570389615883 
2.898649821435353 2.4464583385327376 
2.9062626410543047 2.5748126269877343 
2.896164653117164 2.69265210663404 
2.86889241721609 2.798622046279435 
2.825174159887055 2.891501067739566 
2.763125315042708 2.973178376134838 
2.688819464084824 3.036190964986076 
2.6013102115270796 3.083397663077394 
2.501941045796402 3.114282527390454 
2.3921583933385078 3.1285332685263354 
2.2734891812874096 3.1260473589042554 
2.142134066222459 3.1057821005483683 
2.0102759403619572 3.0696981992751167 
1.874427400129558 3.017872386736965 
1.7361997802289986 2.9510516586372497 
1.597165736539943 2.8701786120914843 
1.4588368624199306 2.776379920664931 
1.3170340667535196 2.6663279087954552 
1.1844729876018842 2.550330479110901 
1.056628912158067 2.4258071143743587 
0.934567785315416 2.2944604240545177 
0.8192057526989672 2.15808348231482 
0.7112981142226354 2.0185360268412675 
0.6074509339587278 1.8718530852542452 
0.5163935489907099 1.7317543682437582 
0.43402646243201803 1.594292191521189 
0.3603972763186229 1.4613379527291874 
0.2953783777305275 1.3347015411243155 
0.23867248444909428 1.2161068176369811 
0.18794730886649197 1.10286107414058 
0.14662694858302608 1.0055558102955182 
0.11177018603051676 0.9207731595356174 
0.0825025240150541 0.8496674999731668 
0.05784477539143408 0.7932070583422736 
0.03673183753812472 0.7521606950140939 
0.01728879976640427 0.7263951467726737 
-1.4630260636662093e-4 0.7183203321682996 
-0.0175917488715403 0.7266795168571306 
-0.03624633740536721 0.7513589052871037 
-0.05728651705158852 0.7920224546929444 
-0.08184456990698036 0.8481164674720831 
-0.11231610047224484 0.9221302560758308 
-0.14727716149656983 1.0071414263197342 
-0.1887159551092244 1.1046541296735337 
-0.23738293375857936 1.2133408422907526 
-0.29389119131996133 1.3317220096471443 
-0.35870335502157136 1.4581861852752698 
-0.4353691840073618 1.5966579488308614 
-0.5178881716233072 1.734186707072443 
-0.6090954772642979 1.8743199048449075 
-0.7087624695067186 2.0151495421883125 
-0.8164825319497389 2.1547575722484864 
-0.9316739312489654 2.2912416895257532 
-1.058798032277331 2.428084970094605 
-1.18673737397379 2.5524838838753867 
-1.3193748657802862 2.668328908169703 
-1.4555061003577972 2.774032453816709 
-1.593806429173209 2.868141003607669 
-1.7328488120779422 2.9493539497052805 
-1.8768452026130127 3.0190205930942264 
-2.0126484916176244 3.070591280619226 
-2.1444343939156116 3.106409089362813 
-2.2705761203959476 3.1259348860777947 
-2.3894556709680534 3.128839821118108 
-2.4994878290024243 3.115008177586603 
-2.603049432383033 3.0829103160955014 
-2.6903582379108335 3.0354364112043095 
-2.7644425584200882 2.9721669314172607 
-2.8240853870626417 2.893815732652829 
-2.868213939978433 2.8012795691736776 
-2.8959175378026134 2.695623942729761 
-2.906521766082963 2.572929694102035 
-2.898622219421747 2.4444139093040342 
-2.8726747911505455 2.3068765430805733 
-2.8285597721562925 2.1618780299236215 
-2.7663734837628033 2.0110468345303834 
-2.686430572395647 1.8560557437900604 
-2.584851149897297 1.6920084241567896 
-2.4705383798318206 1.5337761667314296 
-2.340744875962705 1.3764947386774324 
-2.196629596419381 1.2217706480926152 
-2.039536143408163 1.071135444704504 
-1.8709776415580202 0.9260245438773307 
-1.685001037370691 0.7821630526415306 
-1.498347240357521 0.6522844861643377 
-1.30568026156607 0.5315129236333633 
-1.1089983283841667 0.4207159583463891 
-0.9103612077671381 0.32058753879572793 
-0.7118645344763265 0.23163994072969596 
-0.5075160767532383 0.15122416941485164 
-0.31582424949758464 0.08591018341499346 
-0.13059486804319895 0.032179279910901394 
0.04620027648596477 -0.010214560008491282 
0.21268510283086972 -0.04169648144314059 
0.36710321390520545 -0.06286183738460488 
0.5133854581110863 -0.07475345094710799 
0.638330781641348 -0.07735333945314125 
0.7468248075771423 -0.07236298230915945 
0.837803440955241 -0.06092543202990178 
0.910414174175149 -0.04427429357501567 
0.9640267756347017 -0.023712757218102107 
0.9992423915834323 4.070378236512457e-4 
1.0130776331272058 0.024731447921387907 
1.0074280980637271 0.04880504803716274 
0.982609278233124 0.07127273074195686 
0.9391666546879365 0.09082412405580248 
0.8778679221904655 0.10621554563205168 
0.7960854361645997 0.11657945591219945 
0.7015842856306195 0.12000372411763936 
0.5928030016976729 0.11610375310528649 
0.4712707130888935 0.10410308405547634 
0.33865865096160386 0.08338075520929629 
0.19675772031836417 0.05348267363302916 
0.0411016843583252 0.012283503937173989 
-0.11383000720198296 -0.037016834225225705 
-0.2721205407409963 -0.09577172046247409 
-0.4317492792997726 -0.16369936553711587 
-0.5907047590144571 -0.24033496499726037 
-0.7470108572468468 -0.3250360671058201 
-0.9049484370206073 -0.4209657685232914 
-1.0499907548841985 -0.5194418227751119 
-1.1868482241047553 -0.6230352820573033 
-1.3139355350957753 -0.7304953222662018 
-1.4298178765036649 -0.840459902924903 
-1.533228239514271 -0.9514754347024981 
-1.6265181574187593 -1.0665905867092305 
-1.7013081921272275 -1.1749686809669224 
-1.7609432861014225 -1.279639159194609 
-1.8049579969418943 -1.3790058665684157 
-1.8331013136965368 -1.4714974308878548 
-1.8453370352434475 -1.5555913626054994 
-1.8413590146023036 -1.6326971682776554 
-1.8218857943629885 -1.6952466396788661 
-1.7876725928559924 -1.7453072477231073 
-1.7394946318941058 -1.7817843486442873 
-1.6782997904258885 -1.8037393991071484 
-1.6051924713103223 -1.8104061447081545 
-1.5177128567365779 -1.8004703500451968 
-1.4242702028159955 -1.7743352811222557 
-1.3230390926335385 -1.7317699401007958 
-1.2155539599248082 -1.6728186524819235 
-1.1033987552014175 -1.597740523681231 
-0.9881828727452625 -1.5070091385919548 
-0.8666479761508533 -1.396592674798511 
-0.7501594712598744 -1.2762494823350845 
-0.635413383661106 -1.1429619128422805 
-0.5238793758648275 -0.9980061701257418 
-0.41693627227347324 -0.8428267476298791 
-0.31585238248263464 -0.6790192189960501 
-0.21801459970327106 -0.5010750052762931 
-0.1322773230832364 -0.3251335296486059 
-0.055404649988051766 -0.14613522160009568 
0.011940887765939554 0.033930176870512724 
0.06927386244608741 0.2130364980505201 
0.116291374098743 0.38914721473836345 
0.154173909740429 0.5672324544667489 
0.1799642249334799 0.7309991826678374 
0.19565137868919555 0.8857836100702551 
0.20166713471413486 1.02977312292156 
0.19861005747732804 1.16127309734224 
0.18723425254249493 1.278729236863461 
0.16750606640174376 1.3846452787502626 
0.14206412485468528 1.4692954187504805 
0.11140131528144095 1.536237416341665 
0.0767404903655438 1.5846704067674997 
0.03937195244910608 1.61401358643743 
6.316706994035972e-4 1.623913936041681 
-0.03971604326215376 1.6134245902689834 
-0.07703659198570387 1.5835072597930966 
-0.11161825355533968 1.534505661580747 
-0.14217128462323617 1.4670032692175805 
-0.16747360203013997 1.3818035317862027 
-0.18639153136994682 1.2799192069401488 
-0.19820411164773077 1.1573529736729473 
-0.2010375004984726 1.0253508408247947 
-0.1947731981983212 0.8808790219305677 
-0.17881424988270705 0.7256339269510133 
-0.1527306074919652 0.5614297403294165 
-0.1162678166132324 0.3901745773166196 
-0.06717240465899972 0.20641806380505384 
-0.009491864101555135 0.026952134136357206 
0.05821526948771063 -0.1534457157601919 
0.13546170368746785 -0.33274895702303825 
0.22158309123919934 -0.5089677275035037 
0.31574624355051806 -0.680174243935719 
0.42131395038089847 -0.8512005126513782 
0.5286623778843599 -1.006574778308775 
0.6406057163380544 -1.1516994947631356 
0.7557639252725267 -1.2851310880653535 
0.8726663012886638 -1.40559442571815 
0.9897727181646406 -1.5119975614652497 
1.110264148438875 -1.6069185588034718 
1.2228341398278773 -1.6820519818729345 
1.3307336040034716 -1.7410400608795356 
1.4323785663824737 -1.7836251448981129 
1.5262347749821341 -1.8097643570166884 
1.610841278634643 -1.8196268616821776 
1.6876669279180412 -1.8129992827033294 
1.7492775450065334 -1.7910093483604002 
1.7978736390453174 -1.7544870120636327 
1.8325083927513668 -1.7043718409728659 
1.8524077691180485 -1.641759350399079 
1.856984298203171 -1.5678827234669783 
1.845039891861436 -1.480407426380007 
1.8173449258138104 -1.3878306497373671 
1.7737887232174894 -1.288371927876344 
1.7146237250412242 -1.18360252741315 
1.6403167702599981 -1.0751182836622406 
1.5515456682800175 -0.9645153711751189 
1.4446485824992237 -0.8487459821178368 
1.3292966220911144 -0.7386491304825027 
1.2027574184591936 -0.6310461906614717 
1.0664666027629837 -0.527297884965847 
0.922010118005313 -0.4286535587748829 
0.771104682110736 -0.33623337112936397 
0.6090236166187972 -0.24763060315456678 
0.45071399297402287 -0.1707754548968477 
0.29175059879693993 -0.10260764132976774 
0.13414435563644708 -0.04359000548484975 
-0.020084900612979108 0.005997644694167652 
-0.1689348752812897 0.046061034338029445 
-0.3161561040672641 0.07776597876347686 
-0.44801812681144604 0.09886229154639938 
-0.5687880674332374 0.11126916304510853 
-0.6767967426363117 0.11560922885243309 
-0.7705172842689773 0.11266048482390012 
-0.8485857404544489 0.10334251147861602 
-0.9119903762968913 0.08799159674390233 
-0.9546438455438525 0.06903120163110237 
-0.9786763979561754 0.04719435417861553 
-0.9835455567225131 0.023791990471081277 
-0.9689389029347689 1.7955133734929557e-4 
-0.9347787872241393 -0.022265679081338405 
-0.8785765844712562 -0.04292154372078725 
-0.8052408487235732 -0.05873720958410691 
-0.713558698349417 -0.06929961867266785 
-0.6043856166369874 -0.07337601390885551 
-0.47878856956420984 -0.06982440614879382 
-0.33803250863919515 -0.05761319134138811 
-0.17685377678195782 -0.03471260244227635 
-0.009816541713497988 -0.00217265545733472 
0.16749363559131206 0.04131078560612879 
0.35319867688666495 0.09616096820628343 
0.5453250186987016 0.1626219131017474 
0.7418287763044504 0.24075221258424 
0.9489233572513692 0.33440420834096796 
1.1478614055504672 0.43575085325102497 
1.3447984029683755 0.5477851456018832 
1.5376740292653197 0.669811021945229 
1.7244897392350882 0.8009588280748906 
1.9033334465449416 0.9401960386306942 
2.0792101520824646 1.092560742913875 
2.236323675765256 1.2444988358466533 
2.380413161542596 1.4005334237337568 
2.51013567075628 1.5591314933968563 
2.6243330447896605 1.7186852410891948 
2.722044380239056 1.877534528362417 
2.805485817753018 2.0404322751087256 
2.867427592865789 2.192593616208284 
2.911257804307648 2.3389237558998293 
2.9368812304237553 2.4777938698988122 
2.9444186596620003 2.6076433451622396 
2.9342016215766327 2.7270026774981106 
2.9052574063434315 2.8387192458124466 
2.8606568321494175 2.9325925807603728 
2.8005075132167803 3.012282786701801 
2.7258828459339703 3.076893648206423 
2.638000297352879 3.1257119333782626 
2.538201693905538 3.1582190213261803 
2.4279319934045156 3.1740998509409684 
2.3035786595571595 3.1728513343112623 
2.1767293268861794 3.1546892560828836 
2.0442020203260043 3.120241715220142 
1.9076228733128435 3.070048440699024 
1.7686028141744838 3.0048535354037194 
1.6287143014388719 2.9255967493639043 
1.483702447065538 2.8292982973684366 
1.3466457170215933 2.725004687108257 
1.2130423208324959 2.6105777324775783 
1.0840950558139317 2.487604659723971 
0.9608705738400262 2.357785759359072 
0.8442858627018156 2.2229119375615425 
0.7307174404494579 2.0790465459541494 
0.629854658491541 1.9396655971884014 
0.5374004336047774 1.8009833358565128 
0.45358157434563384 1.664905885988047 
0.37844691081433135 1.5333033373184297 
0.3118700732292346 1.4079844423400814 
0.251298308680579 1.2859820952569683 
0.20110047188576488 1.1787239003760226 
0.15807009607701797 1.082626877374671 
0.12145564384401461 0.999015278258686 
0.09038365812557252 0.9290430636305915 
0.06387590641745536 0.8736781411847644 
0.03996893968449924 0.8323656159162222 
0.01940448349150379 0.808984217198483 
-1.472750133509002e-5 0.8018883192667369 
-0.019487153024152316 0.811187805087724 
-0.040211178648842036 0.8367687491350774 
-0.06336295219146566 0.878294950821532 
-0.09128083072905739 0.9379075225366996 
-0.12283390270853366 1.0100422608684552 
-0.16003400087769074 1.0957961632545756 
-0.20375377719398866 1.1940113445704603 
-0.2547438263446795 1.303359673702933 
-0.31361743251407964 1.4223608476775782 
-0.3838244508376656 1.5548453111308818 
-0.46005688921547816 1.688429478768098 
-0.5450712037585345 1.826445435306502 
-0.6388169910902927 1.967019530990953 
-0.7410657591107401 2.1082421593893925 
-0.8514109565528999 2.2481934863691087 
-0.9743342129669944 2.3905715996203027 
-1.0992204829540406 2.522059072221577 
-1.2299161425846756 2.646637340236192 
-1.3653523826489864 2.7626030627267544 
-1.50432417040554 2.868366052783452 
-1.6455060397060606 2.9624700731628657 
-1.7933799914538793 3.0466939108497586 
-1.934550701896743 3.113129868639861 
-2.0733529781734776 3.1644837518927313 
-2.208173330004992 3.2000089429056615 
-2.3373830079573796 3.219163282443051 
-2.459361807994609 3.221614905126703 
-2.5770228370175854 3.2062819686084634 
-2.679369888618729 3.1744933231520864 
-2.7698571066655084 3.1262990910196806 
-2.847139805459977 3.062215859154379 
-2.909997612988315 2.9829548981664056 
-2.95735418204702 2.8894105331863797 
-2.9892165099960577 2.777928050456767 
-3.0022771775665866 2.658687380234415 
-2.9976216196828642 2.5288509654961167 
-2.9749151620872327 2.3898866956129776 
-2.934033820227871 2.243353635929053 
-2.8750695665670722 2.090879130569964 
-2.794756618555453 1.9275364195423952 
-2.7000709819886164 1.7681445776479665 
-2.5889177314831393 1.6079339555013845 
-2.462254289278119 1.4485634980279327 
-2.3212352716401163 1.2916398920932486 
-2.167200012614361 1.1386951137969445 
-1.9945341684018103 0.9851556279993945 
-1.8187731871279529 0.844668627494046 
-1.6350366471114617 0.7121507388716436 
-1.4452327747475873 0.5886338128286053 
-1.2513561934557558 0.47498692997263564 
-1.0554632413887417 0.3719056861670468 
-0.8515199883927065 0.27631669366094197 
-0.6580174438828396 0.19620171315367693 
-0.4688645372596505 0.12763336068872633 
-0.28610095490150234 0.07055305657107928 
-0.11169601817663623 0.024716923987387687 
0.05247647551703675 -0.01029800458279776 
0.21071881877155785 -0.035906283896271686 
0.3487062485744265 -0.05084069508226409 
0.4715883627029387 -0.0572360586172294 
0.5781045853699472 -0.056123108237412386 
0.6671923322486228 -0.048642808734858836 
0.7380004999411145 -0.036026736645337364 
0.7916456014405423 -0.018827266446349487 
0.823428154974672 1.828333570068898e-4 
0.8357373102216267 0.02024722179973527 
0.8286550065671944 0.03999043649644656 
0.802497909725987 0.05805901635912067 
0.7578126918303093 0.0731441615044638 
0.6923947853268136 0.08434706708782945 
0.6124968071408369 0.08957864366561685 
0.5170519007564639 0.08834144268573936 
0.40742792491951757 0.0797186244146962 
0.2851555649296913 0.06293507371743694 
0.15190772503578837 0.037371170861137136 
0.0033708281206279327 9.192080786076396e-4 
-0.14661578056635466 -0.043787479419283654 
-0.30185440111164474 -0.09809938976621489 
-0.46033946219014904 -0.16191874211751064 
-0.6200479720721279 -0.23496211641464504 
-0.7789659773265201 -0.3167629576444653 
-0.9415322440211428 -0.41058796161373107 
-1.0927580132298258 -0.5080851184339632 
-1.2373896602605399 -0.6118647062911742 
-1.3737079561547447 -0.7208025138786871 
-1.500124577838858 -0.8336450743418642 
-1.6152016448606283 -0.949027480156189 
-1.7216481369821401 -1.0703469230589056 
-1.8098269356362349 -1.1863159355920736 
-1.8833832295392108 -1.3001991423766848 
-1.9416374785515758 -1.4103959745993973 
-1.984121237268028 -1.515306160907517 
-2.0105805806104975 -1.6133539599211935 
-2.0210628917246987 -1.7065441721636563 
-2.014913475715218 -1.7859177090941096 
-1.9932742498867975 -1.8540328431816782 
-1.9567316734721472 -1.9096517817647605 
-1.9060588850644116 -1.9516743698306143 
-1.8422019142595787 -1.9791563708293625 
-1.7628551728149389 -1.9914910823641585 
-1.6756539384685192 -1.9870893107472285 
-1.5790316127546047 -1.9663882614544146 
-1.4744487967890965 -1.9292139795264647 
-1.3634395001843118 -1.8756045200874125 
-1.2475875634246638 -1.8058126802753967 
-1.1234943951556127 -1.7164111802408035 
-1.0027546780966161 -1.6152588032117683 
-0.8820471595272477 -1.4999942207037744 
-0.7629122841674837 -1.3717043896011596 
-0.6468211917751696 -1.2316594187709353 
-0.5351544801645294 -1.0812978245365017 
-0.4249079608908556 -0.9154162748393477 
-0.3260806139968316 -0.749069644143312 
-0.23512697795219448 -0.5776281013930971 
-0.1528813258417071 -0.4030142457922709 
-0.08000923042531084 -0.22721272928001016 
-0.016999355087942314 -0.05224484747283159 
0.03782059474803108 0.12693637640343827 
0.07994342626985351 0.29391048355714816 
0.11184637223665846 0.4539479181523966 
0.13378188342985256 0.6051458478228249 
0.14617783740142348 0.7456953696408052 
0.14962884805003993 0.873905347278218 
0.1445222313084613 0.9926654769737491 
0.13219256328865822 1.091039657269165 
0.11362305589962429 1.1728753093633917 
0.08994432551087247 1.2371648413989578 
0.06237521538189971 1.2831099226418656 
0.032202046480276435 1.3101321415830276 
-5.609965449479302e-4 1.317782765973732 
-0.03189001307967196 1.3053322758429025 
-0.06172398532813626 1.2736153187711772 
-0.08873109727267901 1.2229896561218814 
-0.1116253755401389 1.1540407314019896 
-0.12918846894839855 1.0675739382690497 
-0.14059725110256135 0.9599726330046772 
-0.14388365548037516 0.8411018691752034 
-0.13875572440783257 0.7083905498147708 
-0.12446450533844669 0.563396966928806 
-0.10041673395523806 0.4078195889765965 
-0.06618608733523385 0.24347471676172316 
-0.0194327862461373 0.06501945902564817 
0.036170360277187584 -0.11122007997955202 
0.10215134263567717 -0.29023022952692445 
0.17820132448688705 -0.4699714672334099 
0.26382883814344527 -0.6484148119345768 
0.3583652160135626 -0.8235678928248324 
0.46540908355460076 -1.0004400079861004 
0.5753630281550064 -1.1629751740654364 
0.6912012745195317 -1.3166419620907621 
0.8116490674610193 -1.459842933056791 
0.935321078604153 -1.5911319184136519 
1.0607410897919276 -1.7092312290316638 
1.191578458104155 -1.8170480785171652 
1.3157167064125121 -1.9050309423317862 
1.4367796656605671 -1.9771118895666484 
1.5531512377574215 -2.0328166042617917 
1.6632407446076236 -2.07188543194424 
1.7655070053295818 -2.094273677876009 
1.8621335910263315 -2.1000401559581894 
1.943972475030984 -2.089115132311672 
2.0138434852688154 -2.06265145307403 
2.070635426548321 -2.021415707437671 
2.11339362271987 -1.966346942509709 
2.141336051689716 -1.898540473104268 
2.1540482430775985 -1.8156949222683236 
2.150105880326042 -1.725838718011985 
2.1301594476669083 -1.6273390960350742 
2.09423834666663 -1.5217198815638993 
2.0425867913893456 -1.410553945838532 
1.9756634309021406 -1.2954391064159063 
1.8904363761321117 -1.173051905707573 
1.794633015503892 -1.0548128516289421 
1.6862201812870325 -0.9373895341780376 
1.5664581145413936 -0.8222378783327489 
1.4367748690369517 -0.7107224313492065 
1.2987490090935416 -0.6040966977201409 
1.1479452204381568 -0.49943870884871044 
0.9983125960864879 -0.4061321204179872 
0.8458524119336266 -0.320672592165469 
0.6925341257537729 -0.24370598755287806 
0.5403625664881944 -0.1757007116721803 
0.3913517711637153 -0.11694234651816127 
0.24164563422956384 -0.0656745722650938 
0.1052408739573651 -0.02590713398391578 
-0.02209289486870128 0.004879440467513042 
-0.13857116314733306 0.027134645027972856 
-0.24252902698212844 0.04147463689707348 
-0.3324436080917074 0.04867086308548104 
-0.409706922772006 0.049556247065483325 
-0.46692169669872674 0.04513735200141571 
-0.5065356611467869 0.03672243070363222 
-0.5277869700785538 0.025549309147551953 
-0.5301358677122379 0.012922295190616797 
-0.5132724541059419 1.902261503687356e-4 
-0.47519809579699607 -0.011706204273301704 
-0.41913035819509864 -0.02039813364339761 
-0.34435304000901584 -0.02505421913920323 
-0.25150132433028083 -0.02437834119036769 
-0.14143248727536342 -0.017144152249575387 
-0.015215200092001004 -0.002216038074994002 
0.13206525326077967 0.022619517392941463 
0.2871236555338671 0.056300960242391306 
0.4539332774342395 0.10037898160166707 
0.6307340087093929 0.1554408369525711 
0.8156462872992031 0.2219034311482995 
1.0066950799420833 0.30000440905399406 
1.2100238952663216 0.3937896051950615 
1.407203050471755 0.49561058950125775 
1.6041883816460694 0.6086414999431807 
1.7988820271539017 0.7323612425775752 
1.9892222534227313 0.8660669655133773 
2.173209128908438 1.008882096715549 
2.356044415265454 1.16621198125011 
2.5212372976910187 1.324236212610551 
2.67462140450366 1.4877594776987615 
2.814682976763769 1.6553371758262776 
2.940078041862792 1.8254285438909517 
3.0496475338013864 1.9964178408814295 
3.1459195181261252 2.17368752403864 
3.2204158576304187 2.341298941381012 
3.276811999696672 2.504669441053108 
3.3147942289555066 2.662117002591514 
3.334267405236316 2.8120039446643776 
3.3353526657759813 2.952760638934649 
3.317290446593992 3.088080401094342 
3.2820837769135096 3.2057266525504824 
3.230117946899804 3.310117003502775 
3.1623060298035117 3.400176900925413 
3.0797234346726805 3.4750005849892065 
2.9835900221379092 3.533865243364723 
2.8704924314381266 3.5776450655167347 
2.7509792090596745 3.6025061626763626 
2.6223023230540847 3.6104403219441865 
2.4860507454974448 3.601554532901585 
2.3438464510628236 3.5761689814169717 
2.1973204216708098 3.534814203155922 
2.0418356332107086 3.475549880112404 
1.891463061239079 3.4040847284587814 
1.741542285295343 3.319481910007016 
1.5935054176341226 3.223033732051106 
1.4486823972287108 3.116185493142216 
1.308283140964169 3.000516649610118 
1.1678943687415755 2.8724749057995513 
1.039700879100561 2.7441514449047606 
0.9187224554520808 2.6124131931185164 
0.8055472365549944 2.4791547184183598 
0.700588468557432 2.346286442205377 
0.6040816378632027 2.2157088576674795 
0.5126014160449854 2.084136314355911 
0.4333410292388824 1.9639599694651382 
0.3621704088122926 1.8515308570762685 
0.2986346971654491 1.7484534735195505 
0.24212879568939752 1.656200582148376 
0.19191047168500533 1.5760930837919853 
0.14535285867573566 1.5068016318241007 
0.10517576161007024 1.454864360598517 
0.06835274371141252 1.4179824005152915 
0.03376062661197209 1.3967036047430783 
2.322749774319883e-4 1.3913583895438737 
-0.03342159116795021 1.4020551520208295 
-0.0683902404651471 1.4286787248164894 
-0.10747186013051557 1.4729816500662782 
-0.1487010766804614 1.530840969351877 
-0.19463563251114765 1.6029341931304526 
-0.24624426234621696 1.6882889948950124 
-0.3043908500141131 1.7857471818411343 
-0.36981728110381323 1.893980447206018 
-0.4463611720122315 2.0165837462970067 
-0.5283657281214829 2.1420775496017064 
-0.6190105988543577 2.2734575966618125 
-0.7184121267753257 2.4089117324840976 
-0.826511342796184 2.5465666185748317 
-0.9430711790846669 2.684513036592076 
-1.0730348605519207 2.8264480042803686 
-1.2053905179789146 2.9590470738846513 
-1.3444059771295116 3.086175642027121 
-1.4891534202583316 3.206040379982475 
-1.638555206208435 3.3169387624430007 
-1.7913973838119364 3.4172815282778264 
-1.9528264414911736 3.5090135255087733 
-2.10843863783669 3.5834519198547157 
-2.2631344687846675 3.643401349837782 
-2.415329634176833 3.6879209922210787 
-2.563401197383114 3.7162659525403217 
-2.7057108554437996 3.7278960106531205 
-2.8460661574242354 3.721883506011091 
-2.9715864050100076 3.698593716026628 
-3.086513707898824 3.6582487776472044 
-3.189390387387501 3.6011646682506346 
-3.278861795558253 3.527861319151368 
-3.3536975616717544 3.4390536833662595 
-3.4149189462566287 3.331029459239443 
-3.4566751826694797 3.213539027887441 
-3.4810112711466985 3.0837847832548957 
-3.4873800510832833 2.943126882725285 
-3.475437016760838 2.7930388210068084 
-3.445048466608501 2.6350856778953693 
-3.393870644929214 2.463949663432848 
-3.3263138710384346 2.295059795293636 
-3.2412397714343855 2.1233878749549815 
-3.1393899281650235 1.9506293781688913 
-3.0217130757423223 1.7784513150036765 
-2.8893554349931936 1.6084688213265974 
-2.737309034609851 1.4353985805967013 
-2.5792947713152876 1.2745796960679854 
-2.4111578053126284 1.1203251521612905 
-2.2346896441851363 0.9738261658675882 
-2.0517919693900337 0.8361247050269159 
-1.8644532865927008 0.7081002295850745 
-1.666797759808144 0.5857909669798147 
-1.476798456451274 0.47952091965908994 
-1.288680576707854 0.3845072113083957 
-1.1045239049111164 0.30089112876124713 
-0.9263643173258741 0.2286253668901192 
-0.7561677923837193 0.1674774128263026 
-0.5893632303804583 0.11515831537511032 
-0.4411052819550586 0.07524803149063776 
-0.30610723196350975 0.04468777225482857 
-0.18581004068399926 0.0225864598879181 
-0.08147318148994977 0.007924757368597721 
0.005841459847535636 -4.269699469905712e-4 
0.07777853217237476 -0.003733375864454791 
0.12793699455745114 -0.0030663754469533984 
0.1591825605229049 5.847101939478655e-6 
0.17136009202854205 0.004119730058134604 
0.16455049610804037 0.007910553633654907 
0.1390691297295505 0.010035450600285397 
0.09326129284711769 0.009078283077637713 
0.03159023355183561 0.003842360371125731 
-0.04641670146012163 -0.006779732192783363 
-0.13957518982379485 -0.023820646409344077 
-0.24651974250522235 -0.04818739621074062 
-0.3657221957706032 -0.08064541044661994 
-0.5011239286185712 -0.12371571480393247 
-0.6400379926566825 -0.17440776333228108 
-0.7857838107734572 -0.23451937070549905 
-0.9364026076449102 -0.30412880189041386 
-1.0898919054298577 -0.3831291314654845 
-1.2442318975396423 -0.4712278635688698 
-1.4037398783749215 -0.5721575793843877 
-1.553611831927422 -0.6771639893114306 
-1.6983558093826023 -0.7892791267074225 
-1.8361467301222207 -0.9075148240093704 
-1.9652690439466016 -1.0307379458463477 
-2.0841382275057407 -1.1576860993045912 
-2.1955133027721097 -1.292402572419515 
-2.2891777648026084 -1.4225914333302137 
-2.3687649240397692 -1.5520644018445655 
-2.4333949931959387 -1.6792356325805973 
-2.48239306233156 -1.8024955552999729 
-2.5152955325843607 -1.920234885613956 
-2.5321875255941424 -2.035301507215609 
-2.5316874471260378 -2.1369016037535493 
-2.515000179474545 -2.228337302797409 
-2.4825201561754717 -2.3082442903909715 
-2.434840043889073 -2.3753758613760225 
-2.3727395065102694 -2.4286230171529524 
-2.2937463706599357 -2.468299009854301 
-2.2053320686974818 -2.4904256119599375 
-2.1058639298209676 -2.4963189093895894 
-1.9967143239134264 -2.48559028961699 
-1.879352127650473 -2.458057660931678 
-1.7553199857996318 -2.4137511623757297 
-1.6207448687474655 -2.3500284626978165 
-1.488068605815119 -2.2724679454967074 
-1.3536222441680623 -2.1795424029265966 
-1.219003090486971 -2.072136795438335 
-1.0857619454411012 -1.9513317027945432 
-0.9553806076961544 -1.8183912421175765 
-0.8241068184058994 -1.6685538749423523 
-0.7037662701892006 -1.515449632857421 
-0.590157420715071 -1.3550184907124696 
-0.4842840473207484 -1.1890923695597457 
-0.3869922745998305 -1.0195901354826165 
-0.29895968331953543 -0.8484932011460289 
-0.21764287503345775 -0.6707479389743687 
-0.14987290630437353 -0.5026745184426739 
-0.09231664513276765 -0.33915222297058245 
-0.04491540086392587 -0.1821516320419041 
-0.007429056078373002 -0.03357489918929175 
0.020557961560526722 0.10476925126535636 
0.04023946940729058 0.23617464937083651 
0.05080788556489529 0.34852605119115426 
0.054116752179804564 0.4459557588897691 
0.05117714474048222 0.5272586262776181 
0.04310793466119971 0.591424916681492 
0.031116402062611768 0.6376537497445167 
0.01582949285238289 0.666110437959987 
-1.6207088840140854e-4 0.674156995913187 
-0.01607959740766882 0.6632087076113458 
-0.030578569622641383 0.6333870042977144 
-0.042337593066474645 0.5850454264693016 
-0.05008086381406543 0.5187649428802716 
-0.05257463488831009 0.43151274253093136 
-0.048462072522232544 0.3313184560268749 
-0.036952644159164556 0.21625548283895743 
-0.01716448919185952 0.08771614875612702 
0.011642428820225596 -0.05274663984405921 
0.05005268713625136 -0.20343991692134486 
0.10072380679272615 -0.36933756632586967 
0.15984911484561812 -0.5351948401756667 
0.22929752065874195 -0.705510417143366 
0.30893753260253165 -0.8782664170464634 
0.3984525942876474 -1.0514292001236303 
0.4973436673180842 -1.2229757193284057 
0.6095945025183155 -1.3978103730738345 
0.7253469789937764 -1.559956429735313 
0.8479063130904495 -1.7146633858984939 
0.9761190682589895 -1.8602081014510965 
1.1087034690445543 -1.9949993524592484 
1.244267243708108 -2.117597261538444 
1.3870478749445845 -2.2309687904775255 
1.524014709127459 -2.324922311323591 
1.6592580082716348 -2.4033979472857276 
1.7911537875288315 -2.4657167643462143 
1.9180793335652981 -2.5114113182827347 
2.038437422785809 -2.540228986738526 
2.1551590025877503 -2.552263030653611 
2.257382177062736 -2.5467363127820803 
2.3485821947669927 -2.524872213489387 
2.427503391607778 -2.4872588261744757 
2.4930285396676912 -2.4346708042010197 
2.544197079797436 -2.368055500563372 
2.581384068083843 -2.2849401149341775 
2.6009966307207675 -2.1932621767788567 
2.6044482851810384 -2.0913222216938285 
2.591551197153372 -1.9805807585500153 
2.5623299785936435 -1.862571219955885 
2.5170243446188714 -1.7388763417104622 
2.45321968444315 -1.6057155361749025 
2.376713996348867 -1.4754065381204406 
2.2861556641517105 -1.3442800804752073 
2.182619184236171 -1.2138730511875517 
2.067362135180185 -1.0856523788394725 
1.9418103389947357 -0.9609937900468523 
1.8017816205572996 -0.8362911568607762 
1.6602488386034882 -0.7226935386856511 
1.5136023940211947 -0.616088514360108 
1.3637505271958124 -0.5173029098335779 
1.2126628644027964 -0.4269942752346548 
1.0623449061149548 -0.34564271680507375 
0.9087547243093864 -0.27074459244179216 
0.7662472128654939 -0.20840354063020516 
0.6305586141449435 -0.15534847597434487 
0.503571818602729 -0.11131682768292042 
0.3870745117785045 -0.07587040565768173 
0.28273524311574944 -0.04840418690107468 
0.18862148467141682 -0.027457876565386986 
0.11367110489722654 -0.013770501783972142 
0.05499971783653866 -0.005327113714116445 
0.013585921744448804 -9.874724846934968e-4 
-0.009802718781528535 4.763544662825427e-4 
-0.014620391035783992 3.590893541984667e-4 
4.473288863056464e-4 1.9864913655795086e-7 
0.03427476744712026 8.379820130745685e-4 
0.08690587848631168 0.004213371732550792 
0.15794247342909132 0.011462055464312228 
0.2467566961671483 0.02387228380340226 
0.3524987613673642 0.04266288858778135 
0.4795010668713227 0.07023655151939098 
0.6162964758092253 0.10543882024386077 
0.7661955201618688 0.15009286248848516 
0.9275878909356344 0.2049386868275546 
1.098721392812271 0.27055772994701527 
1.2777243947513746 0.34736138233525354 
1.470432377343132 0.4395070534785655 
1.6593188167637096 0.5396679032664944 
1.8499011254763404 0.6511415654489437 
2.040079459564133 0.7735895217163782 
2.227763753621557 0.9064864563943593 
2.4109000192495444 1.0491255004776814 
2.594683746910763 1.2071162370610564 
2.7624419476754283 1.366736320502394 
2.919886000099213 1.5329292624357194 
3.0653574515597923 1.7043628832002748 
3.197350052398366 1.87958935920358 
3.314527312476087 2.057064824055093 
3.419593410183768 2.2425807482067635 
3.5031598663409906 2.419565422551134 
3.5690315914832587 2.593737908685803 
3.616684495176285 2.763393334611376 
3.6458123966676985 2.9268470978859638 
3.6563277427670346 3.0824590390159705 
3.647630471734605 3.2345222148823383 
3.620772604718513 3.369341111596496 
3.57634067565273 3.49184298290439 
3.5150775581375964 3.600798948353516 
3.437904373285294 3.69513263534204 
3.3459047000715327 3.7739366366890637 
3.2356312637381675 3.8387316710376007 
3.1173087257795333 3.8837904883303405 
2.9882602293596077 3.911731196340965 
2.850026613424227 3.922446973315452 
2.704205681730032 3.9160443215621012 
2.552428363806504 3.8928432321439823 
2.38976124566801 3.851386943945606 
2.2308992799477854 3.795757535260118 
2.070998685402608 3.725570516604216 
1.9115834448100135 3.6419497598125443 
1.7540950603228869 3.5461891480397094 
1.5998728930319008 3.43973595656569 
1.4440111230375887 3.319183839887294 
1.3000969866677912 3.195934100502129 
1.1627215221749452 3.0671324071155954 
1.0326514084564302 2.9346356875489383 
0.9104839894941331 2.8003426404206784 
0.7966415902949529 2.6661682522728327 
0.6871698225225358 2.5285834797347593 
0.5908913627280691 2.4005296957293942 
0.5031316258576559 2.2782537668065754 
0.42360504268000276 2.1634762708359743 
0.35186476563988517 2.057808331380424 
0.2873134140056071 1.9627297021545331 
0.22692324023215485 1.876379945516493 
0.1746360064709103 1.806862306761078 
0.12694150555547523 1.7514303237729953 
0.08278796947996905 1.710849950239444 
0.041058153497326354 1.6856774925958689 
5.904570071317575e-4 1.6762520253398265 
-0.041498027233124485 1.6833025560532016 
-0.08306591577107254 1.7061503266113927 
-0.1269508471608849 1.7444095605080092 
-0.17426976992863444 1.797525789153178 
-0.22607405255550644 1.8647349932892463 
-0.2833293855390521 1.9450740820970411 
-0.34969403208361 2.0414818403376787 
-0.42062148074457734 2.144876944747704 
-0.49922553330737474 2.2573982991924697 
-0.5859523965605494 2.377437602793884 
-0.6810870274087204 2.5032773357911897 
-0.7847449299598264 2.633114143286316 
-0.9017191401973502 2.770600337213383 
-1.0224022526061023 2.902769374905556 
-1.1508755594975737 3.03317958326449 
-1.286541729193822 3.1599365935817083 
-1.4286343164075175 3.2811880465710304 
-1.5762261949295353 3.395148402149681 
-1.7346530402756397 3.504277854698423 
-1.889982621510099 3.5982115956359237 
-2.047130599080489 3.6800724114326395 
-2.2046572418645436 3.7485718875181857 
-2.361040708083404 3.8025917138434373 
-2.5146982279403205 3.841197840629216 
-2.6701112388967823 3.8642284621872784 
-2.8131528397532426 3.8692932518114747 
-2.948515214894656 3.857340255154002 
-3.0746046890977827 3.8282684349521863 
-3.1898849400724263 3.78218993922959 
-3.292900310331053 3.7194269207778112 
-3.385709030787807 3.636876364174504 
-3.459618217429988 3.5418926393749235 
-3.517555962673697 3.4324173921388725 
-3.558607346428261 3.309531049707398 
-3.582035949024959 3.174466196104552 
-3.5872972758763715 3.0285890486680196 
-3.574049639470171 2.8733791722077977 
-3.5404296713256036 2.7034728429057813 
-3.4892202472031766 2.5341609685739908 
-3.419778364147183 2.3604830890321855 
-3.3326352920052806 2.184145249764463 
-3.228536456830643 2.0068490433588364 
-3.1084346920848334 1.8302675874957917 
-2.9675542890185342 1.6488357250932715 
-2.8185521380538447 1.478667073461671 
-2.6576059347120427 1.313890588490148 
-2.4863805708647453 1.1558370708475336 
-2.3066731457466556 1.0057035705965498 
-2.1203912568648624 0.8645377746906565 
-1.9215079183133268 0.7279783090435143 
-1.728064015995465 0.6076826034390812 
-1.5342793694108947 0.4984994533242922 
-1.3422584522499807 0.4007642798288904 
-1.1540886052639234 0.31462314088447135 
-0.9718135673115332 0.2400332373221738 
-0.7903394629447901 0.17437046896034977 
-0.6261269524307599 0.12246220325122686 
-0.4734937350574029 0.08086346700543481 
-0.33405272480888737 0.04883068302401031 
-0.20925403162704173 0.025475584752430593 
-0.10036646498593793 0.009781249750952974 
-0.0050140510092520334 3.623856437055802e-4 
0.0682892027867786 -0.0032905710314040516 
0.12308917139028486 -0.0029730060317683057 
0.15898641042942105 -2.3621426541543818e-5 
0.17581595813746856 0.004194256504399639 
0.17364889792807056 0.008315695141178059 
0.15152319534610087 0.011058250870038236 
0.11176788335182504 0.01085885274009319 
0.054650651347140304 0.006636951630449839 
-0.018850973307988992 -0.0027498496893407706 
-0.10756200355129752 -0.018336593361275803 
-0.2101260992469133 -0.041033079692408686 
-0.3300550258613903 -0.07306246096909993 
-0.4560320196886869 -0.11249393037816731 
-0.5908233430704494 -0.16087936296252978 
-0.7325480046899135 -0.21848316613400107 
-0.879255092732306 -0.28538808181893166 
-1.028949687391976 -0.3614919257441387 
-1.1858885981488845 -0.4502365646957134 
-1.335443392854172 -0.5440317043519898 
-1.4819196976936324 -0.6455891910154647 
-1.6234123046872089 -0.7540847630362805 
-1.7581020566451508 -0.8685359373737188 
-1.8842790039977337 -0.9878153763621463 
-2.0049600923564075 -1.115843038904489 
-2.1090153492758574 -1.2409588314148117 
-2.2002395528135774 -1.3667563715721784 
-2.2775617740827943 -1.4917030204850548 
-2.340106343966859 -1.6142190028135865 
-2.387202218163203 -1.7327008276073002 
-2.4193392674957477 -1.8501013491661746 
-2.433697145513221 -1.9553954670965097 
-2.4318738380964646 -2.051881132167655 
-2.414060045247756 -2.1381040631053247 
-2.3806530536873325 -2.212705981778396 
-2.332248233830504 -2.2744462100645975 
-2.2667236671611923 -2.3238947946612662 
-2.1903135949659314 -2.356119353645941 
-2.1018051027089912 -2.3726292507247218 
-2.002454734234675 -2.3728439820769 
-1.893637014561487 -2.3563810402042087 
-1.7768228949124123 -2.3230644895905472 
-1.6483043553510728 -2.270479775852196 
-1.5200141827691216 -2.2030985558012532 
-1.3885555473142377 -2.11964184620051 
-1.2555506188131644 -2.0207962142424596 
-1.1225983888088467 -1.907453258259612 
-0.9912512515426323 -1.7807003346561023 
-0.8577363406818926 -1.635778601726505 
-0.7341742785316263 -1.4857756272233151 
-0.6164271316034128 -1.3267349418830734 
-0.5056440360112966 -1.1603859077862044 
-0.4028297053169019 -0.9885680782686027 
-0.30883101828142284 -0.8132081387342781 
-0.2210191390959289 -0.6289203100534502 
-0.14693377932343038 -0.4525457347110665 
-0.08317121335723093 -0.27876801592084083 
-0.029857168309112055 -0.10960889660260732 
0.013067527178396848 0.05295233350362044 
0.04584377968840288 0.20700466376818857 
0.06964532736127814 0.3564692727301046 
0.08317575805400675 0.4876317812839933 
0.08833205744705361 0.6051444240199074 
0.08600198034155712 0.7076134116171178 
0.07719921802662402 0.7938242995349171 
0.06304566143942973 0.862758040286329 
0.04391863389358108 0.9153210217172392 
0.02267301522626053 0.9467018022898591 
-5.284078240704712e-5 0.9590313430238219 
-0.02290940243700104 0.952188320702941 
-0.0445470247183898 0.9262852541583846 
-0.06363877256524146 0.88166694587259 
-0.07943761438628724 0.8159080071565363 
-0.08942410612767829 0.7350938804344519 
-0.09319641136237429 0.6379771953334055 
-0.0897395483507363 0.525763543786436 
-0.07816422347798944 0.39983784729656197 
-0.05772264744296725 0.2617459523711458 
-0.026364166960454998 0.10678249121349129 
0.013839902217739125 -0.05078570901566026 
0.06418655899573253 -0.21504994990780213 
0.12473788748214187 -0.38403985722024897 
0.19537137277687333 -0.5557425975301206 
0.27577959305274335 -0.7281291435073955 
0.3694022489135895 -0.9062493284092407 
0.4680557437911725 -1.0738026421619775 
0.5744535788015107 -1.2360388840289942 
0.6875958898633837 -1.391127217279634 
0.8063387353510169 -1.5373469155610253 
0.9294098258393023 -1.673108751043477 
1.0607194635025234 -1.8018579572008633 
1.1882359517018635 -1.911983880309318 
1.3156153313748757 -2.007815265423826 
1.441265579033183 -2.088468460609619 
1.5635718401028225 -2.15326464710991 
1.6809204156314164 -2.2017361788484373 
1.7961747328319588 -2.2345977594547795 
1.8985231073144433 -2.2491854654369536 
1.9912615648887504 -2.247342844818616 
2.073024522017321 -2.2294588355624088 
2.142564661391423 -2.196120049961725 
2.198772971055837 -2.1480994677163063 
2.242121668834254 -2.0834870520623285 
2.2683397430523633 -2.008595337050716 
2.2788800562373464 -1.9223635497478782 
2.273355706578302 -1.826154203214827 
2.251586544850699 -1.7214254028629368 
2.21360479884076 -1.6097080673057524 
2.1570695494638623 -1.4876083747989548 
2.0869863659839485 -1.3665558836179752 
2.0021057549591186 -1.243372841485079 
1.9033144125182462 -1.1196406796453304 
1.791694317111719 -0.9968932572069411 
1.6685105430497449 -0.8765943631005655 
1.5294447410641183 -0.7553652034574415 
1.3872649449653958 -0.6442070503957563 
1.2383290231922948 -0.5393080643715765 
1.084466963565 -0.4416498263549796 
0.927594702863854 -0.35205530072293645 
0.7696896153785776 -0.271177989383888 
0.606277652372198 -0.1967113853715684 
0.45252546276471123 -0.1349118657571986 
0.30386600629186955 -0.08270580405996983 
0.16226019701895636 -0.04000736026022478 
0.029598853890023206 -0.006548713635203396 
-0.09232240785315507 0.01811386454891774 
-0.20609715042099516 0.035110965923500305 
-0.301038179973059 0.04387949033902386 
-0.3806018279851185 0.0461789565479206 
-0.44360422194412746 0.043049198578991345 
-0.48905913800217815 0.0356376411195121 
-0.5161915212642234 0.02517975206679619 
-0.5243770317035861 0.012451694581270689 
-0.5126311416144111 -1.3265422049186615e-4 
-0.481598723071131 -0.011685285579171778 
-0.4314369462983437 -0.02083679509244798 
-0.3625376303829935 -0.026242212705422378 
-0.2755225721146035 -0.02660368275376576 
-0.1665306050059217 -0.020292854118517598 
-0.0453781018737497 -0.006638322913473093 
0.09068019004721775 0.015496686732163693 
0.24020101284721684 0.04700764373869992 
0.40157816001925967 0.08864551636910077 
0.5730630855257934 0.14100289936135924 
0.7604259275188422 0.20739438122367293 
0.9466427890663831 0.2827571112354419 
1.1370133872641217 0.3695631324753003 
1.329456347825635 0.46767478964748793 
1.5218730048687867 0.5767652790139743 
1.7121739649268948 0.6963210169963687 
1.9059407008081994 0.8312352174644638 
2.08561124427901 0.9698120148220882 
2.2571358559303634 1.1162122085301014 
2.418722307725407 1.2692485064787216 
2.5687103570240364 1.4276000981402888 
2.705591513217577 1.5898303764067667 
2.832796840065675 1.7612912350679282 
2.938958977667372 1.9266003460483376 
3.028527220691226 2.090916924617569 
3.100759436993176 2.2525504997292436 
3.1551273314375465 2.4098063529874265 
3.191320199946358 2.561009784653528 
3.2095972109129596 2.710320201888222 
3.2086288292494385 2.8441772677051915 
3.1898697369273417 2.9672579618194233 
3.1538655441541383 3.0782082403441855 
3.1013533726401956 3.175807811370834 
3.0332484185364605 3.2589886387009073 
2.9468882488011316 3.3293353449934466 
2.8504492249007316 3.3804828325895904 
2.742122094630594 3.415056651532097 
2.62336097383611 3.432747215933382 
2.4957001782413872 3.4334549286078286 
2.36073090926902 3.4172933369663294 
2.2141176470663715 3.3828748537470705 
2.069279776183891 3.3335136193668875 
1.9220763212389282 3.2689247137847572 
1.7740857060643822 3.190054281951195 
1.6268249769994836 3.0980325663400436 
1.4817286293770657 2.994159728827597 
1.3343231991593703 2.874925349287503 
1.1976528997846358 2.7515143357173777 
1.0668093641913667 2.6210684077555695 
0.9427128283835976 2.4853839006015486 
0.8261224758702813 2.3463236897931554 
0.71762802206076 2.2057923675186712 
0.6136668293140309 2.059912100520311 
0.5227966942817098 1.922330889896634 
0.4407303766123514 1.7890636525126418 
0.3673435090781295 1.6619226783879288 
0.3023420103262242 1.5426340868289141 
0.24527030628469232 1.4328144395801938 
0.19359761814825902 1.3300873951929577 
0.1506849539972039 1.2440476586861309 
0.11344672937914875 1.1715035394547504 
0.08090708194207998 1.1134250212870513 
0.05200431181694356 1.0705826851953744 
0.025610993106114664 1.0435372354469743 
-4.7748799857559766e-4 1.032530343015315 
-0.025410860277707663 1.0385630665346852 
-0.05144658914081723 1.0607452309041572 
-0.07975723070452996 1.0987427459776324 
-0.11147108267099737 1.1520039983832013 
-0.14765105787114546 1.2197674435355863 
-0.1911403157235942 1.3047372992832293 
-0.2393608822824802 1.3989247036656167 
-0.29467819019715874 1.5041296907809643 
-0.35770110469599525 1.6188758342135614 
-0.4288880394169602 1.7415550827302504 
-0.5085362119814573 1.8704496789379081 
-0.6006362857513016 2.0093782818371904 
-0.6977675526449022 2.14529440942888 
-0.8032023061461447 2.2817737333047754 
-0.9165302189794119 2.416903076614969 
-1.0371660362122075 2.548785295550297 
-1.1643552609126924 2.6755647576617188 
-1.3028241535409082 2.8002724383254995 
-1.440389713583456 2.9111753682412145 
-1.5812738588719781 3.011837194443477 
-1.7241497895133269 3.100810816882763 
-1.8675886547452236 3.1768022272995915 
-2.010079209623597 3.2386871174609992 
-2.1558026382641224 3.287138384258167 
-2.291432830107348 3.3175132112187717 
-2.42123616943685 3.3315373276295905 
-2.543594746792214 3.3288889261891272 
-2.656923824002574 3.309459315945616 
-2.75969566043318 3.273352745625023 
-2.8539640000034363 3.218348867093276 
-2.930798167351647 3.149388135288043 
-2.993014450019639 3.065328563313545 
-3.039542338559625 2.9670733229104167 
-3.069473727494053 2.8556941178860478 
-3.082078684051236 2.732414720338521 
-3.076206341341167 2.59280911138864 
-3.051983414854874 2.4495699799241235 
-3.009434235141882 2.298887579723582 
-2.948658764507541 2.1423951549738867 
-2.8699754020860024 1.981769947173578 
-2.7739202422161764 1.8187090260838197 
-2.656201157757712 1.6480884572460996 
-2.527230768475497 1.48527934477149 
-2.3838029250760564 1.3250693263179616 
-2.2272650206194284 1.1689927655673351 
-2.05913388105117 1.0184875924597774 
-1.88107818926906 0.8748757172603784 
-1.686992825463978 0.7338894798294568 
-1.4943847188234376 0.6078795052545454 
-1.2976469920647262 0.49189871303818794 
-1.098842297984427 0.38664236709152777 
-0.900068946045939 0.29262389828480717 
-0.7034345945258206 0.21016968210106263 
-0.5031350303528778 0.1367224460499533 
-0.3173112716826843 0.07810011799463969 
-0.1398212051473401 0.030875548426390443 
0.0274575162296448 -0.00537561223091867 
0.1827671227019587 -0.031247906048228507 
0.32449217635638683 -0.04749457204380974 
0.4561130877887175 -0.055152322309529184 
0.565788841557602 -0.05467386885657956 
0.6580429270310744 -0.047681989076669026 
0.7320221774707243 -0.03540905185441816 
0.7870957678838538 -0.019156877100727217 
0.8228629433721645 -2.747393890235986e-4 
0.8391577082889953 0.019863313607044977 
0.8355035730802995 0.040692845816444834 
0.812513708876078 0.05914635824124296 
0.7709894499896232 0.07476156790055609 
0.7116976540944924 0.08629703727595017 
0.6356165466926037 0.09259906110022788 
0.543922216940119 0.09262122312133744 
0.4332705272571834 0.0849748585318906 
0.31409126858757086 0.06946759909588336 
0.18391388835562447 0.04533170577819243 
0.04452723377696355 0.012115765026760497 
-0.10218436207809878 -0.030455968206721314 
-0.2542661789752912 -0.08247748320397999 
-0.41623959239647 -0.1466148996646677 
-0.5730588114359157 -0.21744703271202823 
-0.729139654096268 -0.29687871716254793 
-0.8825096855195835 -0.38426535389605443 
-1.031257586381842 -0.4787930287203284 
-1.1735576623525836 -0.5794893430208575 
-1.3130808682982933 -0.6897345173298096 
-1.4370263431478456 -0.799415732128393 
-1.5497275063408447 -0.911483538823458 
-1.6499222715327235 -1.0244837190357077 
-1.7365313314338688 -1.136892047347977 
-1.8086703484750057 -1.2471367778810343 
-1.8676974292254196 -1.357953732295819 
-1.9084094612011346 -1.458826071551997 
-1.9332415990628675 -1.5527065020774324 
-1.9421627646566593 -1.6380739019155854 
-1.935353972950558 -1.7134799707007593 
-1.9132027138797072 -1.7775720031917432 
-1.8744471608675617 -1.8309730074687762 
-1.8229909212862578 -1.8682775055759795 
-1.7585382903612212 -1.8909560485406134 
-1.6821978058789826 -1.898245436915651 
-1.5952160609145005 -1.8895688262155266 
-1.4989576686337283 -1.864547032880792 
-1.3904001603408602 -1.8209176520804327 
-1.2798179659337143 -1.7622160979579928 
-1.164606920382831 -1.687304616668218 
-1.0463787823112183 -1.5966605521524622 
-0.926746228035957 -1.4909724072126527 
-0.8072988640131203 -1.3711335039297934 
-0.6847344184314682 -1.232429910969162 
-0.5703819654267589 -1.0872786110166626 
-0.4606712156483847 -0.9318425497018245 
-0.3568710519583179 -0.7677205601769128 
-0.2601217551014289 -0.5966429529960312 
-0.17141926910876376 -0.4204501244368427 
-0.08847937079415166 -0.23355536109845712 
-0.018626419941103617 -0.05297096695540248 
0.041162896934904734 0.12669889644918778 
0.09058618082997522 0.30341579712329825 
0.1295262265903873 0.4751575541177461 
0.15805072028389905 0.6399445123686396 
0.1769590780130359 0.8021424363781202 
0.1851824181396132 0.9468963103430936 
0.18428542609678927 1.0791975233817879 
0.17502271846199183 1.1974913358393438 
0.15829072679489434 1.3003840628273309 
0.1351118826572281 1.3866614937842099 
0.10533196938497265 1.4577697019579232 
0.07259727901479775 1.507186735660162 
0.03710862082490115 1.5375506284211853 
2.0162993100509741e-4 1.5485087076319728 
-0.03676504793207636 1.5399408114980058 
-0.07243258569912536 1.5119608642110949 
-0.10676468402911475 1.4625490490261654 
-0.13567984480740264 1.3962576184559714 
-0.15939530616803693 1.3123073929677134 
-0.17677877840354586 1.2117111718716733 
-0.18680592631124707 1.0956774743647986 
-0.1885781193499997 0.9655945008241932 
-0.1808315707730211 0.8168240420779141 
-0.16356659759137454 0.6630199028753403 
-0.1362380047819009 0.5002926459810056 
-0.09859322729328177 0.33054916943358775 
-0.0505612833878687 0.15576503845876127 
0.007744044571331077 -0.022041334061652543 
0.07907885477249207 -0.20827611395564144 
0.15723418875916695 -0.38594500982479635 
0.24419273028396724 -0.5605048403232716 
0.3391199067070267 -0.730030618994502 
0.4410233555432886 -0.8926840857727885 
0.5487663197463105 -1.0467367679910147 
0.6658425213881831 -1.1963420822113202 
0.7814592547261002 -1.3280378608807775 
0.8987433400728249 -1.4467608584282976 
1.0161547155454955 -1.5514230178592 
1.1321066749413533 -1.64113166232981 
1.2449892745833482 -1.7151987759622234 
1.3575767468517337 -1.775207464025936 
1.4592232865741095 -1.8160899049351769 
1.5530092441064467 -1.8405461022914769 
1.6374755527846565 -1.84874913558992 
1.7112594677590636 -1.841078331323522 
1.7731161151923671 -1.8181106965667098 
1.8236753191271258 -1.7787449459478113 
1.8579119013055316 -1.7271025833347198 
1.8773565820873073 -1.66300387657258 
1.8814251760486909 -1.5876848190927313 
1.8697314556255533 -1.5024987298081838 
1.8420956530734034 -1.4088946626743104 
1.7963933347040366 -1.3040805744197688 
1.7365411164030584 -1.1980686967927197 
1.6615117728981719 -1.0883956434134126 
1.5719867638829244 -0.9766586439074629 
1.4688520455764889 -0.8644309645611002 
1.3531887053049099 -0.7532384890524304 
1.2207482706213226 -0.6400825854064779 
1.0836117039898616 -0.5354261016432497 
0.93829486228145 -0.43592928302018497 
0.7865173213236762 -0.34271171807943324 
0.6301077268800396 -0.2567478919459576 
0.47098063393183415 -0.17885381748759335 
0.30446436374509583 -0.10699050322827537 
0.14596289932350567 -0.047388667587349706 
-0.009162560868818528 0.0027334922763352664 
-0.15890838029829962 0.043283079873012616 
-0.30131510556240537 0.07435238808353059 
-0.43449338843762536 0.09621564037536892 
-0.561474506239547 0.10968760156954951 
-0.6703692907732313 0.11433277667364553 
-0.7649727258170053 0.11164761496897192 
-0.8439209759296604 0.10255281255399726 
-0.9060318042860035 0.08809457273752674 
-0.9503206933673596 0.06942671671662498 
-0.9766724646566036 0.04684439989049945 
-0.9824133539238478 0.023510234923367845 
-0.9686781010188357 -7.116306701229127e-5 
-0.9353898315503756 -0.022522424518833725 
-0.8827080506051925 -0.042467553817532804 
-0.8110270947944234 -0.05855495688344668 
-0.7168321501778632 -0.0698047806719973 
-0.6085401143697986 -0.07404019346344541 
-0.48382781500634287 -0.07068717574675974 
-0.34396050283274693 -0.05871513660127993 
-0.19038514297999046 -0.03722198505818524 
-0.024711928803577757 -0.005450179897595265 
0.15883762436912674 0.03921946471480429 
0.34363872145232316 0.0936537211608806 
0.5348587687968271 0.15965148851711428 
0.7304549536264127 0.23726991295718944 
0.9283404041087079 0.32637733086429016 
1.1264106559055653 0.42665274334807607 
1.3306714652746008 0.5424322473874388 
1.522650795592548 0.6637357343943748 
1.7085784088784985 0.7941062042088508 
1.886544864350453 0.9325103089134201 
2.0547507693248455 1.0777652699600204 
2.2115284941739115 1.228554473136376 
2.3610535874882967 1.3899656724251332 
2.489973844127756 1.5475013565946703 
2.6033960632989475 1.7059363254964672 
2.7003629602490227 1.863611142209289 
2.7801242586072497 2.0188377346321094 
2.842143450475715 2.1699234057269137 
2.887538961680532 2.321097646050539 
2.9125796781558795 2.4585815385386174 
2.9195835912059875 2.5869972263818863 
2.908885705719799 2.7048777017178565 
2.881023507194713 2.810869090362074 
2.8367260918127446 2.9037509327344564 
2.774086314891698 2.9854124214627067 
2.699225792580962 3.0483928739981208 
2.6111749013112657 3.0955519097657858 
2.511277705474538 3.1263746800304735 
2.400981122681822 3.1405500118049288 
2.2818124835633498 3.137976506702562 
2.1499528918133763 3.1176082655642183 
2.017625827459765 3.0814153979213437 
1.8813235273463937 3.029471846899063 
1.742657367994687 2.96252569128474 
1.603199961269428 2.881520576209301 
1.4644627742368932 2.787584179464887 
1.3222504356320228 2.6773837565938026 
1.1893110594526568 2.561240005756839 
1.0611028986948834 2.4365673875871505 
0.9386914944820154 2.305069262838511 
0.8229925375764604 2.1685393796591668 
0.7147608301194383 2.028838068489799 
0.610589173949498 1.8819944357941376 
0.5192322867488289 1.7417414832500435 
0.43657686552905556 1.60412543649675 
0.36266993089153776 1.471017939734539 
0.29738329044854067 1.3442290443461586 
0.24041909320027502 1.2254826916644819 
0.18943429453668464 1.1120799116257452 
0.1478732215103849 1.0146246920615505 
0.11278360354168235 0.9296927263747795 
0.0832904976144496 0.8584381909531412 
0.05841431770905508 0.801829057378063 
0.03708961422912504 0.7606338853825174 
0.017432762172053532 0.7347128396219051 
-2.0133690528459966e-4 0.72648789938788 
-0.017839814235493037 0.7346957372190707 
-0.036681574731219094 0.7592221629450566 
-0.057903111902833974 0.7997307392443642 
-0.08263669180711856 0.8556673832348204 
-0.11328478208962679 0.92951430309369 
-0.14840917513076168 1.0143621027313343 
-0.19000507607022593 1.1117080154502699 
-0.2388227081223016 1.2202242564867014 
-0.29547489567339896 1.3384310598679565 
-0.3604239626954596 1.464716823081612 
-0.4372245714171664 1.602998333038198 
-0.5198650712330884 1.7403401860613423 
-0.611185808027589 1.8802823430276046 
-0.7109577871881031 2.020916912997519 
-0.8187740347736766 2.160326028655623 
-0.9340524738420443 2.296607634337075 
-1.0612571700958635 2.433236484672858 
-1.1892639138962287 2.5574266043136706 
-1.3219587857199402 2.673060410161926 
-1.4581371706831365 2.7785508228551463 
-1.5964742638348606 2.8724448882731206 
-1.7355429253804837 2.9534426087994925 
-1.8795554990692651 3.0228849723861964 
-2.015363611050618 3.0742409759294516 
-2.147143941771241 3.109845430838075 
-2.273269871795726 3.12915992835891 
-2.392123642295879 3.131856350417089 
-2.5021203493685023 3.117819709860794 
-2.605635154651891 3.0855128235349665 
-2.692890027056241 3.0378433113555987 
-2.766912116276874 2.974383857209574 
-2.826484994246953 2.8958489502865494 
-2.870536511010921 2.8031359337386488 
-2.8981566701603723 2.6973108467181426 
-2.9086679571465983 2.574448453874317 
-2.9006741889429297 2.445779721893414 
-2.8746284412379883 2.308098057245236 
-2.8304118098919253 2.1629641671276554 
-2.7681214299134584 2.0120067140512994 
-2.6880727609851522 1.8568986061250414 
-2.5863822690189022 1.692739266202433 
-2.471962814841309 1.5344089114245132 
-2.3420633370102055 1.377038523525806 
-2.197843512363332 1.2222344268400371 
-2.0406476166862677 1.0715279183390092 
-1.8719893953657385 0.9263540962003329 
-1.685912416494703 0.7824355708305907 
-1.4991661301680819 0.6525099751885601 
-1.306410880262037 0.5316984669400141 
-1.1096452382198834 0.4208681251813216 
-0.9109292354905903 0.32071235450476276 
-0.712358689408244 0.2317428655670724 
-0.5079387138296946 0.15130947482254806 
-0.3161834599183928 0.08598294907421004 
-0.13089570576100376 0.0322432081467974 
0.04595290735465663 -0.010156327560697224 
0.21248652493074402 -0.04164134077938881 
0.3669490492978251 -0.06280769093107812 
0.5132732981679544 -0.07469861325541109 
0.6382553015954991 -0.07729661575183572 
0.7467829277353937 -0.07230354798430473 
0.8377926120763134 -0.060862771717306176 
0.9104324151740874 -0.04420813861263905 
0.964072702360173 -0.0236430194464524 
0.999316350430572 4.8048184340024477e-4 
1.0131783761742754 0.024808384011842453 
1.0075561361887464 0.048885444058169296 
0.9827657385559397 0.07135665769655943 
0.9393532610243364 0.09091182484882288 
0.8780869661998475 0.10630750113910531 
0.796341277295104 0.11667667923578816 
0.7018788393221478 0.1201071787156335 
0.5931400203030122 0.11621500670828726 
0.4716543154036393 0.1042241623284835 
0.33909325489793274 0.08351418028762123 
0.19724797036293723 0.05363149498830414 
0.04165499852023095 0.012452198987396194 
-0.11321118548660039 -0.036824793828031346 
-0.2714313617651884 -0.09555157770245058 
-0.4309849919660618 -0.16344579769163753 
-0.5898607936401897 -0.2400420964455458 
-0.7460829070469396 -0.3246974908988381 
-0.9039287924681565 -0.4205722272096051 
-1.0488794757293294 -0.5189879777383739 
-1.185642273540066 -0.6225133283454911 
-1.3126324332389356 -0.7298970926468858 
-1.428415759506806 -0.8397769271049551 
-1.531725911589637 -0.9506990039485278 
-1.6249109399714134 -1.0657073647419992 
-1.699600572891728 -1.1739737763836002 
-1.75913633831256 -1.278523576615853 
-1.803053588204867 -1.3777606690533184 
-1.831102114620677 -1.4701138170074677 
-1.8432465188240603 -1.5540607427953317 
-1.8391779233706582 -1.631004593040844 
-1.8196229172841392 -1.6933904881315291 
-1.78533374639941 -1.7432800200605238 
-1.7370863420364187 -1.7795790366898916 
-1.6758292493784896 -1.801349543471007 
-1.602667487423138 -1.8078258854392755 
-1.518844331181997 -1.7984286087708712 
-1.421660585758675 -1.7713508137868414 
-1.32040196424351 -1.7285813367586682 
-1.2128989984282308 -1.6694228354590246 
-1.1007359292124168 -1.5941351498514884 
-0.9855223691019621 -1.5031925997795734 
-0.868869093453454 -1.3972806574774308 
-0.7475358729131965 -1.2719998410496962 
-0.6328236948015655 -1.1385005976672373 
-0.5213339458961278 -0.9933343663116188 
-0.41444532593752864 -0.8379462457615464 
-0.31342596305613196 -0.6739323660682297 
-0.2194155752211749 -0.5030204615431103 
-0.13001280982863117 -0.3196346952809691 
-0.05323360438263709 -0.14043999862154435 
0.014009605471459102 0.03981780436265251 
0.07123175871406047 0.21911231197337377 
0.11813033523716261 0.3954068350750497 
0.15458793698451379 0.5666807504833987 
0.18153677135662352 0.7376201766853252 
0.19708264981225715 0.8925748324858882 
0.2029505135185912 1.0367302596163281 
0.19973924639298243 1.1683920156423744 
0.18820323810602202 1.2860060421933073 
0.1692387455996098 1.3881791916550086 
0.1426883175000937 1.4768837391754535 
0.11184829667984486 1.5439737268749376 
0.07700491165182294 1.5925522158435914 
0.039448486176957634 1.6220388186477226 
5.149481287789594e-4 1.6320809417873705 
-0.038436647105070956 1.6225584742041406 
-0.07756505942245975 1.5919603700275484 
-0.1123572206405147 1.5430980979180993 
-0.14312693377320343 1.4757350079421918 
-0.1686524694868731 1.3906748804517026 
-0.18780056105039852 1.2889307582663536 
-0.19954580598403493 1.1717115045192525 
-0.2029399622373494 1.0346513786117106 
-0.19692992171697554 0.890322719729821 
-0.18123425953194688 0.735221904938961 
-0.15542351390125636 0.5711630629644434 
-0.11924382879831559 0.40005417017974243 
-0.07262294332078055 0.22387204516769119 
-0.013080093654009476 0.03713219992648768 
0.0543092179051189 -0.14311831387065901 
0.1312252635612889 -0.3222747423043074 
0.21700317419028073 -0.4983478012450445 
0.310809281644542 -0.6694103685256991 
0.41165199387767065 -0.8336218926779855 
0.5229525899906984 -0.9955256564974637 
0.6344952303181124 -1.1405166387991845 
0.7492378280814743 -1.2738196831253215 
0.8657095280663091 -1.3941606577015968 
0.9823701347600773 -1.5004486625657818 
1.0976325983532274 -1.5917881278139907 
1.2144745361418328 -1.6702950410282091 
1.3218826344816155 -1.7291967495515008 
1.4230217168515764 -1.7717072023309628 
1.5163579124818107 -1.7977846579114547 
1.6004307399646875 -1.8075994047400579 
1.6738758439389636 -1.8015280690135702 
1.7377374057807977 -1.7789324339686972 
1.785762016803375 -1.7424115647113765 
1.8198143520703443 -1.6923160977905258 
1.8391212281208202 -1.6297424798019973 
1.8430960859697805 -1.5559247642387628 
1.831350231610541 -1.4722145282300276 
1.8022038881443045 -1.376058473505513 
1.7580241859947767 -1.2767242521970612 
1.6982306154951257 -1.1721021863760617 
1.6232910877464584 -1.0637886079524597 
1.5338844890197476 -0.953380107974062 
1.4308942542817809 -0.8424495343693844 
1.3103333645461308 -0.7279858530799241 
1.1831563006014223 -0.6206513042273277 
1.046228921803389 -0.5171960307572173 
0.9011381423088842 -0.4188694195043613 
0.7496016081315909 -0.3267916090110655 
0.5934462060041329 -0.24193778214273917 
0.4279359722900302 -0.16210891643260741 
0.26835638043264526 -0.09435782597677023 
0.1101403476100743 -0.03578099385282673 
-0.04469164533634839 0.013342002167087127 
-0.19413672086750955 0.05291713582438421 
-0.3362359780843839 0.08303555167794563 
-0.4744091447301358 0.10464933889045923 
-0.5957480033993113 0.11649776006320661 
-0.7043162092180658 0.1202568046557968 
-0.7985865938164238 0.11670469239368607 
-0.8771949480309106 0.10676120194977308 
-0.9389585180460593 0.09147172096851786 
-0.9843235739735026 0.07110468076101796 
-1.008864532713734 0.04857581815219209 
-1.0142314083249877 0.02445972888591359 
-1.000111630425968 1.1185556307757513e-4 
-0.966427393785289 -0.02309056156781487 
-0.9133372589704575 -0.043771503137035116 
-0.8378261640287986 -0.06117597951132007 
-0.7465853012242457 -0.07256247163598993 
-0.6378416530295824 -0.07748532556367121 
-0.512661873572875 -0.07480280255963906 
-0.3723105470689482 -0.06348357810343959 
-0.21823408936499974 -0.042624716623329825 
-0.04488012533764634 -0.00993659518739367 
0.13206637163091364 0.03258326489163055 
0.31742244321258256 0.0864456705174594 
0.5092152600472915 0.15189432297786795 
0.705401755001921 0.22898751242549106 
0.9038946175380862 0.3175947183680711 
1.110841000543765 0.4217905465792711 
1.3075160970716377 0.532710707375772 
1.5001502438816212 0.6535967787142198 
1.6867461271785071 0.783579031133544 
1.8653929647715108 0.9216249355062145 
2.034289867886066 1.0665524090121976 
2.1980583360416843 1.2234159303134915 
2.3420294537451305 1.3781817140765473 
2.4716624346726994 1.5354860891775344 
2.5858006876476147 1.6937217121777046 
2.6834849029718972 1.8512290116019507 
2.763962735646991 2.0063195902533617 
2.828918851179386 2.16347706067681 
2.872829189737536 2.3083972480295003 
2.8985712455816066 2.4458369594945903 
2.90626737813994 2.574236702662068 
2.896250652316818 2.6921281991173402 
2.8690567065144137 2.7981561384379665 
2.8232502037934273 2.8946707129235003 
2.7634366770572747 2.9728465682478573 
2.6891950600747028 3.0359309023638743 
2.6017440375490435 3.0832121581751397 
2.5024265679721056 3.11417345669523 
2.392688650166199 3.1285015370649525 
2.268944133237363 3.1256301668601294 
2.14273282037678 3.1059069150157295 
2.010896748589568 3.0698969790481425 
1.8750626896948184 3.0181420283328433 
1.7368421076212222 2.9513881167182743 
1.5978078946030403 2.8705769464818744 
1.4537445911219142 2.7726663556957383 
1.3176550219244443 2.666833818748845 
1.185074326844725 2.550878416072536 
1.0572053541740576 2.426389246047059 
0.9351147236411064 2.2950684336525997 
0.8197193137969255 2.1587086764204217 
0.7074485161106169 2.0133143038069443 
0.607887618916359 1.8724853976317724 
0.516789992336953 1.7323762978121224 
0.43438209462102423 1.594894709918062 
0.3607123645451041 1.4619122497762609 
0.2956540074032085 1.3352391412406168 
0.23672044665675704 1.211855010013123 
0.1881489930811643 1.1032994181368636 
0.1467971210558474 1.0059348582475574 
0.11191280187240789 0.9210868602343558 
0.08262208539957784 0.8499106261092281 
0.05794624874268956 0.793375274546619 
0.03600086017559563 0.7508805509597121 
0.01737022756638209 0.7264009718092297 
-6.595644303190605e-5 0.7182440510447567 
-0.01750660362561286 0.72652083144416 
-0.03615054014323 0.7511185538605919 
-0.05717434417845281 0.7917021984103109 
-0.08282512863535119 0.8503774779979036 
-0.11215378163933556 0.921656448272831 
-0.14708285472123955 1.0065990031583054 
-0.18848542141121097 1.1040485697568843 
-0.2371125084123911 1.2126783775105057 
-0.29357784895849576 1.3310095372260067 
-0.3612285936270087 1.462849236752822 
-0.4349617760530284 1.595867058312701 
-0.5174330790912607 1.7333698401395194 
-0.608592695834522 1.8734855926635947 
-0.7082127883984731 2.0143064331629503 
-0.8158875262109534 2.1539143135532517 
-0.935985480822032 2.2959986991941275 
-1.058118543104634 2.427267631825748 
-1.1860218997689294 2.551691487212341 
-1.3186278163623208 2.6675689275167516 
-1.4547324416202876 2.7733118085977746 
-1.5930116039613649 2.8674659681203205 
-1.7378256308240245 2.9518189965315256 
-1.8760255855812724 3.0184550488462865 
-2.0118262474241346 3.070085693142206 
-2.143615925107053 3.10596642402209 
-2.269767799768572 3.1255571779552547 
-2.3886637299748767 3.128528157655305 
-2.5030891481815094 3.1138266039051823 
-2.6023091045461406 3.082732903756246 
-2.689651233474076 3.0353225649989213 
-2.76377342723712 2.972114017833387 
-2.823458009152429 2.8938202934011286 
-2.8676314385790733 2.8013373847048397 
-2.896170593089646 2.6910624628761877 
-2.9060370214865943 2.5730803570600362 
-2.8981864533520527 2.444601137646413 
-2.872287390242009 2.307093900352544 
-2.8282190913450984 2.1621187854782566 
-2.7660768304741143 2.0113040758703224 
-2.6824665856588976 1.8497994833134226 
-2.5846316501390967 1.6922777090312002 
-2.4703483359405873 1.5340409901667906 
-2.3405774904391086 1.3767486327223277 
-2.1964771588752696 1.2220075406286517 
-2.0393900980118724 1.0713497647688401 
-1.863580348552116 0.9203036116482762 
-1.6848383707422179 0.7823165969119342 
-1.4981606225331927 0.6524025686393756 
-1.3054586364795908 0.5315929143636188 
-1.1087302944986486 0.42075613172817483 
-0.9100351398975763 0.3205871203994248 
-0.7032290168322147 0.22813944132910327 
-0.5070351564164567 0.15114261527762962 
-0.3152498702294959 0.08579180996230418 
-0.12991579724280522 0.03202736601921766 
0.04699485486138066 -0.010395748876908287 
0.21360546804653008 -0.04190172622580341 
0.37431266854537854 -0.06375422180133106 
0.5145917166695971 -0.07498786755718254 
0.6396896561054068 -0.07759060520725729 
0.748343330268458 -0.0725946020553519 
0.8394876228608917 -0.06114229464034976 
0.912268941828742 -0.04446676548498577 
0.9678780877506005 -0.02294736113139173 
1.0014559507779015 2.9593357960994014e-4 
