-1.0 0.0 
-0.962530376293992 -0.025031430453517082 
-0.9023193839563359 -0.046962944865890144 
-0.8163028350465372 -0.06462241610265002 
-0.711739858633099 -0.07500854437748973 
-0.5870350171829499 -0.07734453075394605 
-0.44364181449219087 -0.07022974632829977 
-0.28327735257676795 -0.05242630109720452 
-0.10789664105244827 -0.022884579460746873 
0.08780189599018837 0.02111471242027577 
0.2869037767146152 0.07693732735467441 
0.49394011593483694 0.1463228355188864 
0.7063230637799444 0.22937391278338595 
0.9214010043769871 0.32593351471042736 
1.1447351194985569 0.44005432292694197 
1.3570364491766478 0.5625813816432369 
1.5639914384228404 0.6965605821275502 
1.7630907485590785 0.8408235527217114 
1.9519552706582262 0.9939835760951816 
2.1283700966720573 1.1544567002900785 
2.296230211407149 1.3269578201557723 
2.4412518450312946 1.4967442331379666 
2.5684041087820444 1.6680921159044912 
2.6764154068947623 1.8389032583873437 
2.7642972008867575 2.0070344826837387 
2.8313546541162733 2.1703333656725947 
2.878529440944339 2.3325203262261573 
2.9022352294567977 2.479454136218963 
2.904842090052536 2.6153301940638136 
2.8868507964536687 2.7383220612200865 
2.849036390126257 2.846768528968623 
2.7898945734599017 2.9424206673019153 
2.7151180901548972 3.016911790373209 
2.6243537988345227 3.0731094279406865 
2.5192659140117084 3.110284334639451 
2.4016678680527392 3.127984942287387 
2.2734891812874096 3.1260473589042554 
2.13133798615624 3.1033909810121445 
1.987867795747396 3.0621360683383596 
1.8400312652163797 3.002539421574931 
1.68986858945559 2.925603369542761 
1.539358888260668 2.8325959284269597 
1.3847126894238382 2.72062762906024 
1.239199584782591 2.5997929105888615 
1.0986507306066837 2.468159212846635 
0.9644881410380379 2.3278400510881037 
0.8379334327325324 2.181084024775543 
0.719990256525185 2.0302398538694795 
0.6074509339587278 1.8718530852542452 
0.5091958749480248 1.7201723647743612 
0.42114943320358517 1.5717703270614527 
0.34334410406222804 1.4290175605601378 
0.27557217057718913 1.2941942513900937 
0.21534059615169426 1.1648852064349655 
0.16642909378786117 1.052722121609662 
0.1255618455636659 0.9544993100019239 
0.09169588947745333 0.87178596718352 
0.06363399751792351 0.8059036168053473 
0.040051818620415 0.7579049520413992 
0.018778939132625874 0.727808017491516 
-1.4630260636662093e-4 0.7183203321682996 
-0.01908368085603982 0.728115966095684 
-0.03955612719389032 0.7570384446472813 
-0.06305327589191781 0.804625667320625 
-0.0921810863823234 0.872980489987035 
-0.126149369947226 0.9559539967770229 
-0.16713688782803085 1.0544142707363138 
-0.21618399238681493 1.1667884314246286 
-0.27415207040167044 1.2912814505848949 
-0.34170249834288824 1.4259048356309716 
-0.42246685632688213 1.5741219183248978 
-0.5106778732378969 1.722600372656036 
-0.6090954772642979 1.8743199048449075 
-0.7174384369023441 2.026856615567808 
-0.8351804831202063 2.1777727696498683 
-0.96155476189236 2.3246552483843343 
-1.1008535566447166 2.4703988054739807 
-1.2414982313285094 2.601886098159465 
-1.3870839373871875 2.722542583857914 
-1.5360071135896842 2.83042532224299 
-1.6865106212842722 2.923789286504952 
-1.842456208610143 3.0037492949212674 
-1.9902497550668907 3.0630725254651923 
-2.1336453662338655 3.104040478025929 
-2.2705761203959476 3.1259348860777947 
-2.398984461122977 3.128326489835701 
-2.5168579802223094 3.1110794713641887 
-2.6260449976391023 3.072554493487441 
-2.7165852562462725 3.0160702986409578 
-2.79111382623497 2.9413059940861297 
-2.8481498606795794 2.8492579506346414 
-2.886421671379412 2.741166641590985 
-2.9051954993849716 2.6135064611078125 
-2.902279734893868 2.4774477570753968 
-2.878260421136077 2.3303606813703652 
-2.832929014903669 2.174206834930555 
-2.7663734837628033 2.0110468345303834 
-2.678982282447242 1.8430050771747748 
-2.56691740587431 1.6656402695559034 
-2.4394993334524226 1.4943028413130326 
-2.2942350720176172 1.3245585093776768 
-2.132668033401974 1.158424283717072 
-1.956589295543556 0.997804046290383 
-1.760540597595508 0.838727292540497 
-1.5613297285858774 0.6946131069346884 
-1.3543027096105136 0.5608016916395808 
-1.141970637569649 0.43845777630403465 
-0.9269379769855126 0.3285103693475342 
-0.7118645344763265 0.23163994072969596 
-0.4913443986928636 0.14533620546608592 
-0.2844496436693588 0.0761550282836663 
-0.08553026302209157 0.020531575510109795 
0.10293023060556171 -0.02189497170681636 
0.27858852725151745 -0.05172931784577677 
0.44513068424675967 -0.07027958428467565 
0.5882014197129235 -0.07725446160973601 
0.7125579749193283 -0.07480129456343673 
0.8167511987536334 -0.06432313576047496 
0.8996174931700797 -0.04735694213390961 
0.9602959901533328 -0.02554283993046564 
0.9992423915834323 4.070378236512457e-4 
1.0133482397254683 0.026766060042188417 
1.0046109097141203 0.05269724564351846 
0.9734683412659693 0.07648386732308994 
0.9206736342485908 0.09647590395313603 
0.8472825278153606 0.11112250066485778 
0.750709319759348 0.11915287781841775 
0.6397693554019681 0.1186720334376149 
0.5130977766712539 0.10904505051957882 
0.3727542801264115 0.08940677014620407 
0.2209738810824106 0.05911693200576968 
0.05379800478269006 0.015960745220194424 
-0.11383000720198296 -0.037016834225225705 
-0.2853996998959592 -0.10108722139118279 
-0.4583425572314369 -0.17588243441474452 
-0.6301057107439225 -0.2607829938384948 
-0.7981908752803025 -0.35492645249751525 
-0.9662700722778622 -0.4613004738402154 
-1.1195449862029039 -0.5706742281020979 
-1.262265495668437 -0.6853354657253538 
-1.392517263114598 -0.8036148313850845 
-1.5086074430795626 -0.923705369732068 
-1.6126242177503476 -1.0482794383546121 
-1.6956465746070792 -1.1660566979977098 
-1.7609432861014225 -1.279639159194609 
-1.8079113881347422 -1.3869974769875697 
-1.8362431459965503 -1.4861364358906644 
-1.8459264318215183 -1.5751308719471007 
-1.8365460315269886 -1.6548611874950772 
-1.8093812180964908 -1.7176891305425337 
-1.7652738332439086 -1.765306254605901 
-1.705312068636911 -1.7964095292600109 
-1.6308111088331758 -1.8099223711997168 
-1.5396833885473167 -1.8044519542105895 
-1.44042533784793 -1.7798301888710644 
-1.3317354440362703 -1.7359449313439101 
-1.2155539599248082 -1.6728186524819235 
-1.093892059642615 -1.590769380176663 
-0.9687959572161946 -1.490410437992797 
-0.8374456951189911 -1.3677834455347109 
-0.7116429554411124 -1.2331991699106246 
-0.58846910781919 -1.0839024420978132 
-0.46975188279058067 -0.9215980190424997 
-0.3571823854234624 -0.7482128748692395 
-0.24842456819847683 -0.5587073939885986 
-0.1529102515775598 -0.3694820338842903 
-0.06757089285639498 -0.1760967010196806 
0.006705683805041115 0.018933271787766215 
0.06927386244608741 0.2130364980505201 
0.1197388468170308 0.4036243212834986 
0.1591870005982767 0.595070752573344 
0.18481926074051838 0.7706099825246503 
0.19870500625499407 0.9350658837263991 
0.20145607148021463 1.0861752252833956 
0.19390914596392797 1.2218477333797981 
0.17710762256603135 1.3401984484224974 
0.15118290808197168 1.4430005779361628 
0.11949091578669235 1.5212095416377494 
0.08274086050462029 1.577911023328873 
0.042557032374998235 1.6123075881812308 
6.316706994035972e-4 1.623913936041681 
-0.042898324544093425 1.6116706006937884 
-0.08302592067865487 1.576652650483076 
-0.11968325306994886 1.5193368155908649 
-0.15124679878097091 1.4405239049181255 
-0.17619347783682243 1.341314294878319 
-0.19313105974549005 1.2230907916145513 
-0.2009227498283186 1.0819598728686122 
-0.19791233955940202 0.9303197438992257 
-0.18373932162098933 0.7653577753898683 
-0.15779400609425095 0.5893392765440754 
-0.11970580260505924 0.4046672620411944 
-0.06717240465899972 0.20641806380505384 
-0.004227037075680273 0.011926480924868157 
0.07044301083766948 -0.18345993456524684 
0.1561897590900395 -0.37716937555904695 
0.25212309312704995 -0.5666864190368456 
0.357123853541756 -0.749589657595061 
0.47433163957208724 -0.9300724902627925 
0.5934904809435443 -1.0925727068649007 
0.7171097936098594 -1.242035476664268 
0.8433604383908331 -1.3767573351293012 
0.9703077461302336 -1.49528065070954 
1.100722872574414 -1.5999419270527842 
1.2228341398278773 -1.6820519818729345 
1.33946446023528 -1.7452173284318266 
1.4486026399846406 -1.7891217877189598 
1.548308689399223 -1.8137447264918376 
1.6367488579348657 -1.8193564269872895 
1.7148522218439761 -1.805656207298945 
1.775265454995853 -1.7745098632359428 
1.8198276807651574 -1.7268381404325144 
1.8474521449182548 -1.663945268591508 
1.857301462799305 -1.5873358340575878 
1.8481078856098108 -1.4950599677258054 
1.8202605863258061 -1.3958296210629773 
1.7737887232174894 -1.288371927876344 
1.7090018493620465 -1.174681980638052 
1.6265047011682785 -1.0567887067707054 
1.5271918984644302 -0.9367187375043768 
1.407522850821911 -0.8118579269605539 
1.2778527554461299 -0.6934310959072211 
1.1357351448547865 -0.5786092957154995 
0.983085292964652 -0.4690601099284282 
0.8220123288713069 -0.36628518938598215 
0.6547884736054893 -0.271595340747243 
0.4771982639828374 -0.18299649473283408 
0.3049735797719242 -0.10794399151440838 
0.13414435563644708 -0.04359000548484975 
-0.0327218971070356 0.009699999418014785 
-0.19308182452013198 0.0518159911004751 
-0.3500654808540983 0.08388256522663558 
-0.4895923454528761 0.10393599376985818 
-0.6154336227107902 0.11401660578449664 
-0.7255323232276342 0.11499162585506692 
-0.8180395498295224 0.1079346513523538 
-0.8913438380351348 0.09410358407455613 
-0.9457000419442655 0.07409088093251964 
-0.9759899272072529 0.05097861935757187 
-0.9838808950282919 0.025769113439037948 
-0.9689389029347689 1.7955133734929557e-4 
-0.9310527692356833 -0.02404018158724387 
-0.8676577064714294 -0.04586773086384658 
-0.7840105952277413 -0.06191981761847565 
-0.679062651667706 -0.07143754217714536 
-0.5539812210908003 -0.07288510674298194 
-0.41021904575631146 -0.06486090887755533 
-0.2494926486356938 -0.04612593201894597 
-0.06672658404087946 -0.014209341088675623 
0.12230388932963762 0.029387822579052255 
0.32174760672485014 0.08621728931688516 
0.5291187417161294 0.15663736223191446 
0.7418287763044504 0.24075221258424 
0.9655269377151215 0.3424277758673956 
1.1808794283142137 0.45369762349251863 
1.3934773808328504 0.5773859811685054 
1.6007156902885158 0.7125611639265496 
1.8000829405789416 0.8580558482974888 
1.9891976960450368 1.0124841803774483 
2.172359356595356 1.1806085867609117 
2.3339170136283975 1.34815961037007 
2.4791185690039494 1.5193285053762573 
2.6064215793972254 1.692096551093022 
2.714551239888614 1.8643651117763527 
2.805485817753018 2.0404322751087256 
2.8717746254675296 2.2050333397165294 
2.916792126240787 2.3626299479774007 
2.9404517485031567 2.511161055021582 
2.9429633974939895 2.648664879279633 
2.92482469810705 2.7733127373624664 
2.884961668821241 2.8873660132788808 
2.8273939650204887 2.980863674249214 
2.752293709982408 3.057080107545147 
2.6611424102504504 3.1150196979163502 
2.555602098593838 3.153949835941126 
2.437484288110812 3.173415452594382 
2.3035786595571595 3.1728513343112623 
2.1658798141965465 3.1524345748160933 
2.0216763872124437 3.1129520179310046 
1.8730344366214895 3.0551226729547767 
1.721993696426739 2.979945201148273 
1.5647252700432361 2.884872528140822 
1.4148224912626444 2.7785123641289418 
1.2682106499555188 2.6593881141192477 
1.1264913270465013 2.5294423829076425 
0.9910873649524361 2.3907856697139875 
0.8632214027827928 2.245663760451839 
0.7394908070609694 2.090633049232173 
0.629854658491541 1.9396655971884014 
0.5300838598703411 1.7895179573437912 
0.44045732821476724 1.642611630224582 
0.3610091234760928 1.501315568792488 
0.28905490067512674 1.3629647554031012 
0.22946881203121494 1.2400262581230237 
0.17873327633049302 1.1291936864919578 
0.13598539928457776 1.032258039274219 
0.1001835855682418 0.9507879159055331 
0.07013186307335893 0.8861043896584011 
0.04359081923953642 0.8378257227720898 
0.021058014420853217 0.8103137722987995 
-1.472750133509002e-5 0.8018883192667369 
-0.021149921327533773 0.8127008657571547 
-0.043869979727570244 0.8425947703667278 
-0.07073724327150972 0.893336068890352 
-0.10122945858135446 0.9603752188438922 
-0.1375950134219855 1.04418033176404 
-0.1810289677986213 1.1434253132357182 
-0.23257181278013492 1.2565365997262188 
-0.29308515128879054 1.381718295478756 
-0.3661276558003343 1.5223558258272631 
-0.44674285642027445 1.6658078498439532 
-0.5376513155481342 1.814820248595823 
-0.6388169910902927 1.967019530990953 
-0.7499588314060693 2.119979764826026 
-0.8753678754152823 2.2770129732700015 
-1.0049582168127247 2.42399442444517 
-1.1421900343086804 2.5644390548590676 
-1.28583802029178 2.6960971198768124 
-1.4344765516469444 2.8168542846819307 
-1.5865011620047558 2.92476423265242 
-1.7460705308052664 3.021354463089276 
-1.8994177087228539 3.0979012792567455 
-2.0504518983652558 3.157006313968145 
-2.1971301232951617 3.1976676858716915 
-2.3373830079573796 3.219163282443051 
-2.4691502067278006 3.2210600091736628 
-2.594843958842232 3.202138989917997 
-2.7031580090430247 3.1639660306709922 
-2.797148194616433 3.106672238947696 
-2.8751488305372432 3.0309876653142154 
-2.935674695038016 2.937905465454063 
-2.978666765072067 2.8241578981899247 
-2.9998696359626456 2.6996810121479213 
-3.000468255858507 2.5622248750927668 
-2.979961020286378 2.4136160924361776 
-2.938133974183656 2.255814460189307 
-2.8750695665670722 2.090879130569964 
-2.787514832182673 1.9143261260048674 
-2.6826656842926275 1.7414543806142613 
-2.5586641328497604 1.567948744866132 
-2.416780540667084 1.3959063571186499 
-2.258552824291475 1.2273445472871969 
-2.0788569104111634 1.0580237923045934 
-1.8930821321101379 0.9023009703070768 
-1.6970525502536868 0.7553709845340641 
-1.4931447228090335 0.6186187846376748 
-1.2838651024727037 0.4932109268230287 
-1.0718137471839007 0.380078473097479 
-0.8515199883927065 0.27631669366094197 
-0.6420600717259869 0.19004623313441993 
-0.43790604487395896 0.11732651444561452 
-0.2416410808552205 0.05805340302538826 
-0.055745601964502595 0.01186881445218561 
0.12381705615808175 -0.022886460437534024 
0.2815146011023699 -0.04450048124962978 
0.4223083829566415 -0.05554565424591649 
0.5444874352811971 -0.05725997803906519 
0.6466045847895581 -0.051043826428973475 
0.7274980562940808 -0.03843155436977343 
0.7881211922608146 -0.02032065842295889 
0.823428154974672 1.828333570068898e-4 
0.8358849390635118 0.0219236327573453 
0.8256081782895572 0.043154178992283326 
0.7930373067282902 0.06215982591138313 
0.7389269469371975 0.07729253263133351 
0.6610737684410077 0.08724880938228631 
0.5666362728643746 0.08982908775657732 
0.4547330208611026 0.0842621304982719 
0.32721781592860516 0.06947792187200476 
0.18615242495115306 0.04461300787064157 
0.027719353187000365 0.007439936492405809 
-0.1338888795217999 -0.03969504333109005 
-0.30185440111164474 -0.09809938976621489 
-0.47362968546631223 -0.1676586191451674 
-0.6466432154802769 -0.24800266976700672 
-0.8183389367182548 -0.33850981506619304 
-0.9925626382826751 -0.4423253788651461 
-1.1539239618610269 -0.5506245087049576 
-1.3066905545346634 -0.6657643439942671 
-1.4487501709588841 -0.7862380407310345 
-1.5781846012846723 -0.9103727306912995 
-1.6974179144365582 -1.0412144099140175 
-1.796124532241402 -1.1670896085110738 
-1.877830000372105 -1.2908275337755424 
-1.9416374785515758 -1.4103959745993973 
-1.986940181345716 -1.5237603657439682 
-2.0134266751290255 -1.6289199235637313 
-2.021002427783106 -1.7273707218083514 
-2.009396505328868 -1.8099374317370247 
-1.9798190792782413 -1.8787925080872474 
-1.933106303004645 -1.9324254894313186 
-1.8703438532002088 -1.9695262297533833 
-1.7895896524616886 -1.989396211284463 
-1.6983925870001104 -1.9897064264665263 
-1.5957286238970894 -1.9709803140986177 
-1.483431040159938 -1.932941509384459 
-1.3634395001843118 -1.8756045200874125 
-1.2377650215572953 -1.7992793557484428 
-1.1034358166273515 -1.7005727965868895 
-0.9725136293283423 -1.5877264710554724 
-0.8420865115025015 -1.4586191099620305 
-0.7140895806504184 -1.3147019885966944 
-0.590352588027696 -1.1576721681266224 
-0.4681791560579712 -0.9827835672531829 
-0.35819406964671097 -0.8051773027896282 
-0.2570787935997171 -0.6208622452195649 
-0.1659538150435832 -0.4322532212729879 
-0.08571076895793323 -0.24185903635239211 
-0.016999355087942314 -0.05224484747283159 
0.04172412185729364 0.14106806955425405 
0.08596570094701711 0.32111748069050616 
0.11825092353965967 0.49264855762836346 
0.13894778865652505 0.6532650025308415 
0.14866316375103883 0.8007082189544314 
0.14822869187844911 0.9328922636001251 
0.13814959431541501 1.0519955282344602 
0.12043842411979465 1.147500758272453 
0.09627765917224429 1.2227847523435764 
0.06718632773370213 1.27675366006399 
0.034783649843304426 1.3086131241131134 
-5.609965449479302e-4 1.317782765973732 
-0.0344518658165102 1.3034216606668518 
-0.06645689600830156 1.266477786594738 
-0.0948891562510812 1.207442457158306 
-0.11812990628578764 1.1271189777043247 
-0.13466079869517197 1.02661019242539 
-0.1432397113612209 0.9023586628731886 
-0.14196637319894068 0.7652724155188613 
-0.13028634689974172 0.6129906595512404 
-0.10736961220844962 0.4476086296328051 
-0.07261120081002129 0.2713943034880168 
-0.02359272966775759 0.07951735852945518 
0.036170360277187584 -0.11122007997955202 
0.10810984402290655 -0.3052088691451439 
0.19182337225364723 -0.49985655401230766 
0.28665763418434786 -0.6925882002740821 
0.3917169806265381 -0.8808851821767346 
0.5104314829882095 -1.0691325849783615 
0.6326234754636045 -1.2410202832791801 
0.7609888648259165 -1.4015441553730912 
0.8938283099039135 -1.5487749865496458 
1.029305769076066 -1.6810060410059993 
1.170703530234151 -1.8008833510375768 
1.305466946166518 -1.898298328308435 
1.4367796656605671 -1.9771118895666484 
1.5625869528998655 -2.0367097720035567 
1.6808690792006957 -2.0767732591712766 
1.78967721068926 -2.0972794390796303 
1.8906684862853385 -2.098164786837391 
1.9746069453953632 -2.0799370763569107 
2.0439378750673516 -2.0438252611242214 
2.09733745179956 -1.9909064488084098 
2.1337088395469768 -1.9224844257421816 
2.1525500227902303 -1.836636454849979 
2.1518720021312516 -1.7414552038647197 
2.1324336159207027 -1.6358407340377694 
2.09423834666663 -1.5217198815638993 
2.037585287295038 -1.401089759175602 
1.9630687650197949 -1.2759818345582399 
1.8677298500257566 -1.1434981328804317 
1.7598378494869178 -1.015507557590527 
1.63762024697497 -0.8890529990911422 
1.5027612879593553 -0.7659444636105153 
1.3571667252003565 -0.647854594450711 
1.2029364555758377 -0.5362905517062743 
1.036061622625635 -0.42875212898701465 
0.8713757972897446 -0.33434134299116497 
0.7052946359818657 -0.24978286148771447 
0.5403625664881944 -0.1757007116721803 
0.37913971180627676 -0.11246768739338868 
0.21836035889842811 -0.05840914410023113 
0.07248549503187693 -0.017383152326584786 
-0.06221005184234801 0.013218675126774564 
-0.18349937360499072 0.0340306753233271 
-0.2893307826450711 0.04591179997322355 
-0.3778602901545173 0.049927288477601396 
-0.4497619213681777 0.04711312369998789 
-0.4983276327421403 0.03913439609884931 
-0.5255459870192013 0.02754835627383354 
-0.5306711969723221 0.013997370271140008 
-0.5132724541059419 1.902261503687356e-4 
-0.4712518185347526 -0.012552113552385703 
-0.4079524055002639 -0.021490129631525606 
-0.32280482188789716 -0.02543438314965485 
-0.21667618335848018 -0.022753787517993864 
-0.09073608036609267 -0.011920680670618791 
0.053560612473605745 0.008458448931276516 
0.22099156360999744 0.04104290427745202 
0.3971303471261181 0.08449147641868346 
0.585698127216484 0.14061983489704902 
0.7843470815353252 0.21002225946340736 
0.9905895116690709 0.2930489568431276 
1.2100238952663216 0.3937896051950615 
1.4236549703025068 0.504607637014546 
1.6368527338310375 0.6285359447888343 
1.8469545892153876 0.7648828330434078 
2.0513536409270023 0.9127079527548259 
2.2475367231501306 1.0708351332811215 
2.4400161754043506 1.2444507347870184 
2.6122472214449304 1.4190467468906258 
2.769562699203922 1.5991208071633167 
2.9101709341229607 1.782757331969831 
3.0325282800364537 1.967927578888943 
3.138909577514069 2.159581796008072 
3.2204158576304187 2.341298941381012 
3.2806832490607953 2.5180392412809094 
3.3193244940709916 2.6876665599403147 
3.3362531662106982 2.8481085658316205 
3.3316796892397247 2.997391975915979 
3.3047090593275894 3.138635192331637 
3.2581426905573743 3.2596497491740255 
3.1924212456136374 3.3644555987798763 
3.10881961597216 3.451800790954873 
3.008822168217203 3.5206775437619604 
2.894094330892626 3.570341056037548 
2.7613102179260407 3.6010808601110385 
2.6223023230540847 3.6104403219441865 
2.4744052466364983 3.6000633302743883 
2.3196816099916275 3.570368133167686 
2.160203700230111 3.5220620769183797 
1.991753267750522 3.453260861989034 
1.8288568809759564 3.3703596640455507 
1.6672026285001529 3.2726515349794956 
1.508554224853394 3.1618709954175075 
1.354522108378126 3.0399505949554375 
1.2065384285124183 2.9089912046038826 
1.060583811629115 2.7658265222356277 
0.9285129195796852 2.623475751103788 
0.8055472365549944 2.4791547184183598 
0.6922214488441688 2.3352914583427187 
0.5888255154282315 2.194300332675115 
0.4920089955892705 2.053458015563422 
0.40873786830565534 1.9255410835332545 
0.33480078801053914 1.8073577108128178 
0.26954636432072565 1.7008876281979082 
0.21212350673245423 1.6079173263404452 
0.16150246726410225 1.5300113861828808 
0.11486298813650113 1.4664633254175707 
0.07430399740265312 1.4230579778974097 
0.036586368387681 1.3978713619934342 
2.322749774319883e-4 1.3913583895438737 
-0.036269123468440745 1.4036686594624 
-0.07594966519968935 1.4362027637686174 
-0.11739443775040197 1.4860662538930172 
-0.16343998329517473 1.553334534358821 
-0.21539751563519424 1.6369494495785835 
-0.2744508955973197 1.735584398304535 
-0.3416295016894899 1.8476655047489563 
-0.42090168429084573 1.9763618563653573 
-0.5070628884874975 2.11008317487779 
-0.6032960140088311 2.251228168713124 
-0.7097944763342456 2.39751368590929 
-0.826511342796184 2.5465666185748317 
-0.9582172963855212 2.7016811782148453 
-1.0945970456893555 2.848849453325517 
-1.2395535958683588 2.9914134595466204 
-1.3920684914194883 3.1270238126751906 
-1.550905265426571 3.2534317151970233 
-1.7146270256650455 3.3685239202882995 
-1.8880823567990055 3.473982721076081 
-2.0565930358570212 3.5601971091427203 
-2.224632225579898 3.6298270533721815 
-2.39020598845859 3.6816066706110933 
-2.551259366794214 3.714536217142399 
-2.7057108554437996 3.7278960106531205 
-2.856893676565472 3.7205980911062917 
-2.991517063424415 3.6930479862812864 
-3.1134174685780014 3.6455301643510998 
-3.2207671774488453 3.57850096237508 
-3.3118878233910367 3.492694806502131 
-3.387732052556118 3.3847867147837536 
-3.4413555968378438 3.264057404409397 
-3.4748726657824833 3.128317417467014 
-3.487494681233369 2.979234730876137 
-3.478707504141837 2.8186429264610227 
-3.44828479254734 2.6485093383729628 
-3.393870644929214 2.463949663432848 
-3.319884598116274 2.2808365800214814 
-3.2254066775530283 2.0946247494695363 
-3.1114130117686396 1.9074662923180472 
-2.9791629931689583 1.721468703707709 
-2.8241432620842537 1.5317192124395804 
-2.6596743000841574 1.3542484655774918 
-2.482332906931347 1.1837204950700198 
-2.2943226821668974 1.0217298868026206 
-2.098011664564845 0.8696743193795937 
-1.8958983686350515 0.7287334509061867 
-1.6826502271480188 0.5951458979721618 
-1.476798456451274 0.47952091965908994 
-1.2731544489647757 0.3771032900395232 
-1.0743600799293955 0.2880626313675984 
-0.8829937524920524 0.21230915912035941 
-0.6947824858902479 0.14733477701361838 
-0.526077046891687 0.0973413932915371 
-0.3718546615098836 0.058851637020615244 
-0.23406220207157183 0.030830011812950527 
-0.11440899047767754 0.012053037997423587 
-0.014341121431495737 0.0011347813238871925 
0.06760399819943129 -0.0035160899360209374 
0.12447565724592716 -0.0032325212129664257 
0.1591825605229049 5.847101939478655e-6 
0.17151501958589796 0.004466699995611233 
0.1615883410607627 0.008416127034554908 
0.1281925977001434 0.010153074230017796 
0.0745845175140845 0.007863052210711064 
0.0010089571008699608 1.3297238691495727e-4 
-0.09118330423078509 -0.014438006683223493 
-0.2003786754432773 -0.03709180814210342 
-0.3247264726608094 -0.06888605221257575 
-0.4676861515429447 -0.11248793753933826 
-0.616359203623403 -0.1653097532476336 
-0.7734248278966847 -0.2291471666606019 
-0.9364026076449102 -0.30412880189041386 
-1.1027489447953056 -0.39012854435121486 
-1.2698963766335212 -0.48676479615018486 
-1.4415853317056755 -0.5976945407005244 
-1.6025217329930017 -0.7137915013926002 
-1.7567148674059512 -0.8378620799389992 
-1.9018938058240469 -0.9685790259758723 
-2.0359510491015875 -1.104424149225799 
-2.161343969241307 -1.2491149411253917 
-2.267042649683076 -1.3900502451758046 
-2.3565178176879598 -1.530602167837227 
-2.428598283785239 -1.6687651556145555 
-2.48239306233156 -1.8024955552999729 
-2.5173015184263843 -1.9297473430226755 
-2.5332388606690643 -2.0528797750039773 
-2.529021249356167 -2.1607685459238515 
-2.505902970430015 -2.2563181188850785 
-2.464460040471537 -2.3378353278921287 
-2.405536654968765 -2.403798410445017 
-2.3270204552403446 -2.4544213577923086 
-2.2360962766730736 -2.4848287881700903 
-2.131694030063675 -2.496392183013158 
-2.0155169499857455 -2.488543024087243 
-1.889408739859641 -2.4609945482376907 
-1.7553199857996318 -2.4137511623757297 
-1.6097956018204183 -2.3441699223074868 
-1.465740251966333 -2.2580259650677363 
-1.3199221052953747 -2.1540095568089623 
-1.1743614583268955 -2.033298483407785 
-1.031006709416627 -1.8973360525796654 
-0.8864479385202599 -1.741815415119183 
-0.7531528455484138 -1.5802350488620955 
-0.6272139835048267 -1.409198573356239 
-0.5099781115852138 -1.2309853767790522 
-0.40258071931716904 -1.0480053593652179 
-0.3059286696150946 -0.8627630764740795 
-0.21764287503345775 -0.6707479389743687 
-0.14468603871937225 -0.48884630017294334 
-0.08371549229120438 -0.312480208249924 
-0.03462758496333799 -0.14414527412493103 
0.002930006646868421 0.013762934324864955 
0.03036422871444874 0.16428909062439118 
0.04648960489066005 0.2941330287164117 
0.05355809661310341 0.4072550200539732 
0.052784234270046436 0.5020160508444719 
0.04554143448325509 0.5770373760954262 
0.033333954563216785 0.6312220516111655 
0.01712321053630315 0.6645843279688926 
-1.6207088840140854e-4 0.674156995913187 
-0.01736046659300257 0.66144107428685 
-0.0327638189195681 0.6266032686093368 
-0.04469840716018209 0.5701294843908512 
-0.051558353335232635 0.49281727528656477 
-0.051698009655602555 0.39165417011849435 
-0.0436902317723313 0.27556252535097475 
-0.02646650717568571 0.14281577007738624 
9.98620111337961e-4 -0.00470274220460211 
0.03952401753423557 -0.16490471915997415 
0.09187216331750943 -0.34226772573723063 
0.15452723950572306 -0.5211755167986982 
0.22929752065874195 -0.705510417143366 
0.3160256371445318 -0.8927091572466908 
0.41429943216479176 -1.0801867640881344 
0.5234559914946967 -1.2653758559743953 
0.6473569159711778 -1.4525744633917828 
0.7756492287583103 -1.625423360836215 
0.9113833155503174 -1.7886838049161438 
1.0530157050516284 -1.9402391802575916 
1.1988381844172844 -2.078168225109346 
1.352725348704039 -2.2051612085930286 
1.5012629406985667 -2.3103168653332857 
1.6480931331114717 -2.3974674317979483 
1.7911537875288315 -2.4657167643462143 
1.928381754026122 -2.514459329346853 
2.057748985972972 -2.543385360425747 
2.181674898686213 -2.5524377928200526 
2.289071621924499 -2.5412384768582235 
2.383025714305091 -2.511073586117041 
2.4620043787028916 -2.462781303744955 
2.524676206230813 -2.3974491299168377 
2.5713176383524123 -2.3129799089123755 
2.5975966379575497 -2.217198844414596 
2.6050058730129555 -2.108963900166702 
2.593251203326483 -1.9901083554304975 
2.5623299785936435 -1.862571219955885 
2.512535556381926 -1.728362134734369 
2.4414844172423433 -1.584120949986025 
2.355353129308118 -1.4426405378742007 
2.253027053490828 -1.3006570438687604 
2.1359416064115364 -1.1601008216396016 
2.0057778514522338 -1.0227959538963372 
1.8644389632460117 -0.8904293899667227 
1.7080866058982633 -0.7598279694733658 
1.5506402958118957 -0.642036178946707 
1.3888654325002914 -0.5331940972233424 
1.225251902108829 -0.4341833087909978 
1.0623449061149548 -0.34564271680507375 
0.8966659466327365 -0.26519164107832455 
0.7431070562515473 -0.19892103718286547 
0.5979244740117645 -0.14350879237046438 
0.4634888129121311 -0.09857398289357235 
0.34203119509646546 -0.06349658357598295 
0.23560816132104348 -0.0374317080440083 
0.14298525382559707 -0.018774361704808562 
0.0726834384030091 -0.007627297882691399 
0.022275778052850057 -0.0017535027320208104 
-0.007182329342220325 3.778218651740909e-4 
-0.014937483232962434 3.9677190720031376e-4 
4.473288863056464e-4 1.9864913655795086e-7 
0.037946449443271676 0.001003692854530823 
0.09748129948727398 0.005117009021306773 
0.17850885044514953 0.014031755429094607 
0.2801713478673246 0.029369107594446612 
0.40130877835265827 0.05264730254761617 
0.546166292828269 0.08670829564748836 
0.7022449551010342 0.13028743375403695 
0.8726188777400284 0.18548503472445796 
1.0551253205055284 0.2531174827616909 
1.247426540620003 0.33377193515098114 
1.454833925106822 0.4316770055545818 
1.6593188167637096 0.5396679032664944 
1.86579371428231 0.6609324262629438 
2.0715894290778114 0.7950302660095613 
2.274053268747617 0.9412643927097282 
2.4705881711048305 1.0986894009422528 
2.6657243475093697 1.2727457061376068 
2.842560241625316 1.4490915173129286 
3.0062996352001456 1.6323857776949047 
3.15493633811169 1.8208526560367555 
3.286688200654125 2.012572567252019 
3.4039941055900655 2.212929605870369 
3.4968630538359755 2.4049005573903903 
3.5690315914832587 2.593737908685803 
3.61982202263312 2.777274332257451 
3.6488566719613225 2.9533704150679556 
3.656058769169646 3.1199506919512476 
3.6406686212788366 3.2807488183752147 
3.6043566241495393 3.42195419813263 
3.54775944884437 3.548085255006847 
3.4719273715432792 3.657666162154632 
3.3781455990076665 3.749442772331303 
3.267908986412955 3.822405357886044 
3.1378145677293405 3.8774634583578282 
2.999386784786536 3.910060632491731 
2.850026613424227 3.922446973315452 
2.6917624467014627 3.9147465656683247 
2.5266682973105334 3.887377426576217 
2.3502289803224286 3.83889902219891 
2.177637755956172 3.773927539478997 
2.004431862101306 3.6922905439542815 
1.8325120727375375 3.5954998658135517 
1.6636540624571858 3.4852922611297266 
1.4994802585237283 3.3636030757048156 
1.3354960804800906 3.227338291288307 
1.1851287642489299 3.088906755820702 
1.0431958396644145 2.9457720566973533 
0.9104839894941331 2.8003426404206784 
0.7875394496269065 2.655052322278573 
0.6705247650664135 2.5069157179380586 
0.5681611105345388 2.369350174112576 
0.4757268107817046 2.239079411161245 
0.3927980041643601 2.1182527638067197 
0.318733348006466 2.008858564361893 
0.2526913834970736 1.9126923931953297 
0.1915051204077622 1.8285134584074862 
0.13849080290771645 1.7639223888346938 
0.08994774133317346 1.716555719772419 
0.044471201155724595 1.6871769690320129 
5.904570071317575e-4 1.6762520253398265 
-0.04490165017559964 1.6846082166315883 
-0.09018833495907488 1.711468944535146 
-0.13841629267272745 1.7563221084330232 
-0.1909898529449174 1.8184065504037867 
-0.24921599298606728 1.8966758437671118 
-0.3142748945707455 1.9898151281271599 
-0.3901664155213975 2.100598577754882 
-0.47214045742916577 2.218973966362236 
-0.5634907416805927 2.346815244765894 
-0.6646403377791584 2.481976877700611 
-0.7757815106108635 2.62218693666916 
-0.9017191401973502 2.770600337213383 
-1.0328179146356902 2.9137303777987795 
-1.173005727367717 3.0546101262333756 
-1.321495945133129 3.190836679570695 
-1.477270791017741 3.320070740097135 
-1.6390947464982715 3.440073345091143 
-1.8120043052216581 3.5526671080628183 
-1.9815215442177594 3.647517265429436 
-2.1521987650485626 3.727296019881124 
-2.32213773756217 3.7904985722263893 
-2.4893464331981465 3.835867704408392 
-2.6517719335654517 3.8624121481251814 
-2.8131528397532426 3.8692932518114747 
-2.9593984781407485 3.855571304749516 
-3.094609137939164 3.821763578675592 
-3.2168433793360607 3.768046235331446 
-3.324276079082807 3.6948834494263005 
-3.4183798747407512 3.5991234251716278 
-3.490644712507377 3.4889026993150165 
-3.5436062228631173 3.3622877034642347 
-3.576222192166358 3.2207591813914163 
-3.5877073648546394 3.06599281160298 
-3.5775511268854654 2.8998298893410794 
-3.543862735093255 2.717331982123791 
-3.4892202472031766 2.5341609685739908 
-3.4131836480102207 2.3458662995413864 
-3.3164397600297715 2.154616770802723 
-3.1999696389482244 1.9625722789070335 
-3.0594995576388477 1.764566852776701 
-2.907022300691194 1.5773672072912088 
-2.7394713276973963 1.3955186982872012 
-2.5588611675495234 1.2207956654577885 
-2.367402342838756 1.0548001672469114 
-2.167470258773702 0.8989372107125171 
-1.953567952509365 0.7490739935556503 
-1.744226386762129 0.6172887878479713 
-1.5342793694108947 0.4984994533242922 
-1.326401993438864 0.39314237150038134 
-1.123245757627089 0.30139321655575596 
-0.9200466718425456 0.2204255188780947 
-0.7344210246599413 0.15588269913931402 
-0.5610265449379113 0.1039157143824769 
-0.4020295287265212 0.06370363440781801 
-0.259388338346094 0.03421480055461724 
-0.13482406059165844 0.014229036356383635 
-0.02616221333888192 0.0020487120249088856 
0.05734276115419161 -0.0029930569602330914 
0.11924051822839696 -0.0031186804788258513 
0.15898641042942105 -2.3621426541543818e-5 
0.17635826111796643 0.0045601282217502806 
0.17083041679908895 0.009037046819825171 
0.14325768456962734 0.011319542211419162 
0.09461385812059112 0.009956912780786713 
0.025953023352716518 0.00341550591246836 
-0.06138603900135377 -0.00970823375742003 
-0.16580150179215927 -0.030659501415974014 
-0.2903333247970009 -0.0618372599798868 
-0.4236398507375829 -0.10181087397876222 
-0.5678248397435985 -0.15217987708228223 
-0.7205200443652034 -0.21332752261534688 
-0.879255092732306 -0.28538808181893166 
-1.0414960123321046 -0.36824145400459213 
-1.2109453003776014 -0.46530007402819656 
-1.3724267441273756 -0.5687227385157214 
-1.529729478474828 -0.6810288634022491 
-1.6804606266945923 -0.8011105482318345 
-1.8223566362263786 -0.9276478267353385 
-1.958108924595358 -1.0642634258127313 
-2.075697645226865 -1.1991039275877549 
-2.1786982326618944 -1.3353259064976981 
-2.2656798043750297 -1.4710042905673855 
-2.3354764766657308 -1.6041412392539638 
-2.387202218163203 -1.7327008276073002 
-2.4211546802634487 -1.8591754123855744 
-2.434514408397941 -1.9721284150726344 
-2.428907453893106 -2.074453865408276 
-2.4046315373492697 -2.164326480763136 
-2.3622662458485117 -2.2400607654574487 
-2.3000363574526688 -2.30212233882978 
-2.2236889534433715 -2.3445622942075537 
-2.1325772651244965 -2.368911835668611 
-2.0282354012821227 -2.374342363591403 
-1.9123693681051672 -2.360293106444722 
-1.7868255275431604 -2.326485113495838 
-1.6483043553510728 -2.270479775852196 
-1.5091578792875635 -2.1967497384715826 
-1.3664518436925426 -2.10421466608115 
-1.2222460072428165 -1.9937803868012214 
-1.0785627851272501 -1.8666331617358258 
-0.9319962354661537 -1.718465251132003 
-0.7953054926037828 -1.5620100111918123 
-0.6647049453779433 -1.3939920529796443 
-0.5417328025364473 -1.2165360925285689 
-0.42773709353854367 -1.0319311334565138 
-0.32385433632719024 -0.8425969480688039 
-0.22765045484861499 -0.6436715282041294 
-0.14693377932343038 -0.4525457347110665 
-0.07832889988663988 -0.2644673660738786 
-0.021985851215673147 -0.08200458062411846 
0.022199676822071752 0.09233591242376143 
0.05559809087850148 0.26220609195603173 
0.076351935623694 0.4126828605790695 
0.08674833652402221 0.5481854463172977 
0.08782029172011278 0.6668283902754746 
0.08078542688566316 0.7669608764302401 
0.067020804041421 0.8471923244119677 
0.04722196480686426 0.9082601532798054 
0.024518531417514297 0.944811038088875 
-5.284078240704712e-5 0.9590313430238219 
-0.024777608657523775 0.9507544903996356 
-0.04794107295946909 0.9201358636998547 
-0.06786240396587845 0.8676502902077896 
-0.08338960800865147 0.7908478984558687 
-0.0918119996138267 0.6965448957939634 
-0.0924303478730153 0.5836749310178511 
-0.08402524257168831 0.4538775560202229 
-0.06556155409804086 0.309026944615156 
-0.034855030149352824 0.14490352126699121 
0.006439233456217131 -0.02400698940160431 
0.059600883693984585 -0.20115324018213282 
0.12473788748214187 -0.38403985722024897 
0.20170427834237523 -0.5701100101131541 
0.29009952001782663 -0.7567845668553556 
0.3932907203841913 -0.9485325098467053 
0.5027074604376194 -1.128564606057453 
0.6208391052492783 -1.3016291862126022 
0.7463439549469633 -1.4654482925422094 
0.8776906081580577 -1.6179081337479393 
1.0184524405741462 -1.7621538691928926 
1.1563083344896183 -1.8857536143508933 
1.2944621088783521 -1.992876037846819 
1.4309001150692269 -2.082345030205854 
1.5635718401028225 -2.15326464710991 
1.6904256011874685 -2.2050291151383146 
1.8138391331173875 -2.238180391670521 
1.9226638179119782 -2.250253429373047 
2.0197996128143627 -2.2431388864583366 
2.103551987263306 -2.2174055927669785 
2.1723986933672066 -2.173889754266698 
2.2267028543082548 -2.11104441214638 
2.261317444368502 -2.0348833587040556 
2.2777394047533224 -1.9449119204156768 
2.275402284319924 -1.8428211268465742 
2.254021734688627 -1.7304412322484048 
2.21360479884076 -1.6097080673057524 
2.15181248805527 -1.4776411542597234 
2.0738457406404986 -1.34613019667785 
1.9786730388969038 -1.2124303748112477 
1.867474294176678 -1.0785415190115266 
1.741694439739646 -0.9463900916889408 
1.5974584581223388 -0.8129445902019611 
1.447429064453709 -0.6898238140353504 
1.2886140462593458 -0.5735151927927891 
1.1232907686571059 -0.46533773802878065 
0.9538657886100649 -0.36639784624001687 
0.7828388295450277 -0.2775720056741692 
0.606277652372198 -0.1967113853715684 
0.4399152506837286 -0.13019490864950065 
0.2797231329222212 -0.07493415138076195 
0.1281843604771541 -0.03079085267327368 
-0.012320371706227845 0.002622661329454944 
-0.13954986365849167 0.025933568747976983 
-0.2554085488604812 0.04036414536302896 
-0.3493993448886994 0.04594297030129297 
-0.424508668017752 0.04462687536578242 
-0.4793865908005902 0.03782569691363636 
-0.5129681390639668 0.02707968322316936 
-0.524486066833748 0.013503898547640834 
-0.5126311416144111 -1.3265422049186615e-4 
-0.47814534810790654 -0.012558395902607232 
-0.42124096549007156 -0.022033596687355033 
-0.34245297219982096 -0.026854794707434477 
-0.24263150620343182 -0.025388519591765482 
-0.11794711775001596 -0.015571120879499533 
0.020873977257678405 0.003309946452793327 
0.17636415109742504 0.032687017354266386 
0.34657365347474084 0.07360103723686107 
0.5293446020718576 0.12688248547955927 
0.7299375758756615 0.19594562449965572 
0.930937602268389 0.27603927557993996 
1.1370133872641217 0.3695631324753003 
1.345521025995224 0.47635219310532345 
1.5537928008076354 0.5959810438406602 
1.7591767933338136 0.7277675703819896 
1.9666205657100075 0.8764909082875344 
2.1581753940566606 1.029926245215282 
2.3392784521158356 1.1919804637591072 
2.5077252830825256 1.3610640471506266 
2.6615071082229447 1.53541551693288 
2.803770323505043 1.7200046231168926 
2.922394525667407 1.8990723861726624 
3.021716503175587 2.0773029417714026 
3.100759436993176 2.2525504997292436 
3.1588403035623873 2.4226606547410725 
3.195575661053333 2.585506570493677 
3.2110453093937656 2.7447162374661054 
3.204329671792976 2.8864709433059104 
3.1769256610813685 3.015034707729633 
3.129619755635138 3.128747388591832 
3.0634548149784195 3.226143930764528 
2.979708405195692 3.3059806168091295 
2.8757282049227304 3.3692331097347616 
2.760941584823783 3.4104610098006076 
2.6336192550402773 3.4319216830501014 
2.4957001782413872 3.4334549286078286 
2.3492043573880115 3.415193798085304 
2.190210597914171 3.375739798617375 
2.0326381865227723 3.318760292745777 
1.872757190565796 3.244169254352019 
1.7125539455639247 3.153239221460735 
1.5539203735323992 3.0474900786901142 
1.3986231966754363 2.928666516552563 
1.2426121329448345 2.793519324628614 
1.0989209870112886 2.654242500320066 
0.9628927649773298 2.5082833697163855 
0.8355361081769322 2.3579946760223374 
0.71762802206076 2.2057923675186712 
0.605758130605624 2.0483276471472402 
0.5085088105042731 1.8997702621235313 
0.4215786025251158 1.7566349882445595 
0.3447639024431337 1.6212050256518156 
0.277629947870596 1.4956367178241352 
0.21952419507581716 1.3819252562583344 
0.1678230565532337 1.2783197395311872 
0.1252872631794834 1.1941215364298354 
0.08865828190028054 1.1265428434839437 
0.056616057750726485 1.0766385524041948 
0.02774297771634562 1.0451778351644594 
-4.7748799857559766e-4 1.032530343015315 
-0.027522018963812858 1.0397979097926997 
-0.055975915096940825 1.0659920996354153 
-0.08732384648594374 1.1106533143771724 
-0.1229846252362431 1.173023927251356 
-0.1642799738336649 1.2520605107078204 
-0.21440709479231781 1.3503672330290315 
-0.27072452364448507 1.4590468143097575 
-0.33580576685812447 1.5796637790233037 
-0.41030683341946206 1.7102338221763744 
-0.4946663642434387 1.8486112881668963 
-0.5929253935425224 1.998137209991063 
-0.6977675526449022 2.14529440942888 
-0.8123517520181978 2.293112416649699 
-0.9361470146775404 2.4391597037304287 
-1.068382042727537 2.581029759960806 
-1.2080542109805579 2.7163789957064846 
-1.359659507625589 2.847627957071848 
-1.510497277466792 2.9628802408637744 
-1.6644656452063036 3.065245596453857 
-1.8198049692298017 3.152987285104864 
-1.9746306299169842 3.2245930715774715 
-2.1269638012916117 3.2787977659254492 
-2.2803304206501016 3.315600520745394 
-2.42123616943685 3.3315373276295905 
-2.553405226344132 3.3279107056785606 
-2.6748258117732404 3.3045937669923164 
-2.783567339951214 3.2617525943035925 
-2.881127360503255 3.1970879770299034 
-2.958563020869431 3.116150416966323 
-3.01830020210724 3.017912187798976 
-3.0590702854608485 2.903621800156922 
-3.079839494255785 2.774748842916054 
-3.0798305684021563 2.6329577350276687 
-3.0572927424772023 2.4740033046327063 
-3.0136789632960603 2.311689240380389 
-2.948658764507541 2.1423951549738867 
-2.8626253660857053 1.9682511262905775 
-2.75627171317522 1.791414538922753 
-2.625380819722181 1.607229461589672 
-2.4809649965701968 1.4315096879489728 
-2.320088653866573 1.259450162214716 
-2.1445476501218135 1.0929581994752608 
-1.956361423085147 0.9337968310340001 
-1.7577452317022995 0.7835568138901025 
-1.5430033159595529 0.6384728142293623 
-1.3306364380465248 0.510500653555814 
-1.1154372343300574 0.39499036061768666 
-0.900068946045939 0.29262389828480717 
-0.6872107198117701 0.2038261502764222 
-0.4716684169032765 0.126147872495723 
-0.2720822973130901 0.06523900996879728 
-0.08283754460074552 0.017598518578674272 
0.09372060811691015 -0.017377291788993707 
0.2554225459620447 -0.040521529846347805 
0.4003067839292093 -0.0528782191061697 
0.5311176508259075 -0.0556155150636679 
0.6366630725466874 -0.04997454993094974 
0.720990973200016 -0.037766741995061394 
0.7832397151325999 -0.02063051160123163 
0.8228629433721645 -2.747393890235986e-4 
0.8398263326662456 0.022400217541896444 
0.8329849698837809 0.043910690621626926 
0.803844011466372 0.06336605217615669 
0.75315561232644 0.07911900130478917 
0.6819743966294226 0.08962158366709036 
0.5916402232178412 0.09345583268589398 
0.4792809885184008 0.08903103894711561 
0.35512482214594043 0.07556822497894869 
0.21739330030678844 0.052202244108895485 
0.06831891630370261 0.018296240230240707 
-0.08972595668182397 -0.02654747326255473 
-0.2542661789752912 -0.08247748320397999 
-0.4292871973748521 -0.15217652624084407 
-0.5991774088696397 -0.23010370390174792 
-0.7678121984485332 -0.31800857365311946 
-0.9326980376589469 -0.41502600658897526 
-1.0914341202372615 -0.5200611633037074 
-1.2473322958962896 -0.6362189253287948 
-1.3866704610303102 -0.7533446734127052 
-1.5134913558509906 -0.8739505425694195 
-1.6261083275485522 -0.9962286311960784 
-1.723079956089115 -1.1182647030910566 
-1.8032294112689853 -1.2380712291553604 
-1.8676974292254196 -1.357953732295819 
-1.9110871743774407 -1.4669378639282553 
-1.9358311026135189 -1.5675657238170861 
-1.9419235872274736 -1.6579139384526063 
-1.9296500032985704 -1.7361647209699458 
-1.8980758486983766 -1.8028231227953109 
-1.850406968678052 -1.8513988834769532 
-1.7869052200261615 -1.8833371596455444 
-1.7088911842847208 -1.8975651243231462 
-1.6178863072566527 -1.893258996530564 
-1.5155839766661119 -1.869862353336214 
-1.399356379099128 -1.82506796458266 
-1.2798179659337143 -1.7622160979579928 
-1.154847508483586 -1.6803437278011422 
-1.0264942099842937 -1.5800689567844035 
-0.8968057760395212 -1.462300039437444 
-0.7628707735181235 -1.3227619235457848 
-0.636609664392026 -1.1732965970493756 
-0.5148642576025922 -1.0107495680094392 
-0.3993265660872299 -0.837052066617114 
-0.2915234855329346 -0.6543300823531144 
-0.19279185599451767 -0.46487373934943416 
-0.10106851057990468 -0.2635988609453471 
-0.024068618144596987 -0.06801285122076983 
0.041162896934904734 0.12669889644918778 
0.09423186958412062 0.31794529030997587 
0.13499909969467533 0.503157618948237 
0.16443975335384708 0.6864201255971809 
0.1807538792997457 0.8516753636040887 
0.18587713165020298 1.0036278105828074 
0.1806469081910105 1.1401864614486397 
0.1661071996283938 1.2594659092411602 
0.1434867061398117 1.3598155578896591 
0.11293283130927001 1.4425015107370205 
0.0782798324489766 1.5002608071453554 
0.04013881775199837 1.5357581619738945 
2.0162993100509741e-4 1.5485087076319728 
-0.0398056040982533 1.53834733128289 
-0.07815650773905629 1.5054312172436686 
-0.114415503422223 1.44767933674117 
-0.14422067336745212 1.3701904698398812 
-0.1674693724417516 1.2723501786628806 
-0.18277119907287925 1.15554125178855 
-0.18889485789542435 1.021407166010461 
-0.18441930169624335 0.8657926135541382 
-0.16881252338990432 0.7023800978834479 
-0.14150457371034883 0.5279535775159276 
-0.10212726123546481 0.3449145870919875 
-0.0505612833878687 0.15576503845876127 
0.013058504693123573 -0.03693116479974423 
0.09146299809606055 -0.2380197611146031 
0.17817831579737575 -0.42995289401459486 
0.2749955956941261 -0.6176655628796877 
0.38079398445096224 -0.7987400049111446 
0.4942411712916482 -0.9708886679263938 
0.6185136060344354 -1.137936313231143 
0.7426608114359551 -1.285521546152934 
0.8693492527286842 -1.4183590661597487 
0.9966442354157371 -1.53499614611799 
1.1225389774690298 -1.6342452532198315 
1.2449892745833482 -1.7151987759622234 
1.366310518776102 -1.7792421920331138 
1.4754405924334235 -1.821304575327116 
1.5750545871152524 -1.8441092460099007 
1.6633212238799349 -1.8479314368344022 
1.7385494336861096 -1.8333277569265307 
1.8012440441531394 -1.7995458125108437 
1.8454041462085844 -1.7502004029931404 
1.8725586040071476 -1.6856804685867752 
1.8818741303675572 -1.6074942885274424 
1.8727852457497323 -1.5173211543864917 
1.845008162633049 -1.4169797732642297 
1.7963933347040366 -1.3040805744197688 
1.7308603343158047 -1.1890470161938909 
1.647576143475758 -1.0698732277604932 
1.547440015430539 -0.9485871338940687 
1.431630878985695 -0.8271782341537388 
1.2963290091834736 -0.7030231237244714 
1.1533051339494247 -0.5871846136802081 
0.9997301062618208 -0.4766843036981975 
0.8377168075301744 -0.3730232487346693 
0.6695409202704006 -0.2775113652628928 
0.49760725804724765 -0.19124615939930364 
0.3177618535513325 -0.11237782158769133 
0.14596289932350567 -0.047388667587349706 
-0.021874241383886446 0.006478189432391721 
-0.1832045227950201 0.04911447133179043 
-0.3355467420918055 0.08066663461049128 
-0.4765220776000358 0.1015304833587319 
-0.6084896638835533 0.11256729629099758 
-0.7195467172781902 0.11385208311381705 
-0.8130085659720798 0.10705680936384834 
-0.8872640204951967 0.09344070629714617 
-0.9409652872325808 0.07442172892805704 
-0.9738406205522022 0.050613669098913384 
-0.9826760711531443 0.025483096477984333 
-0.9686781010188357 -7.116306701229127e-5 
-0.9317365119633986 -0.024299105130848698 
-0.8720665614567752 -0.0454526180097066 
-0.7902064600130089 -0.06181981361399985 
-0.6826293992553242 -0.07199136951257447 
-0.558503892868478 -0.07362716813339619 
-0.4157021534715445 -0.06583812430408958 
-0.25594098304427015 -0.04738659035194663 
-0.08117503641874292 -0.01722323276231704 
0.11387339648564805 0.027393269813170487 
0.312338496930027 0.08378260547123219 
0.5187280817285379 0.1537073759008265 
0.7304549536264127 0.23726991295718944 
0.9448682342557677 0.3343128410156496 
1.1592928181137638 0.444418115576207 
1.379125736295595 0.5718575850243086 
1.585395387477329 0.7062329139993672 
1.7838046109498598 0.8508629150011694 
1.9719754426743688 1.0043607817736013 
2.1476941843888313 1.1651425535210285 
2.3148302660131876 1.337933376712064 
2.459154904681942 1.507969272732704 
2.5856117559460907 1.6795379887391577 
2.692930593749122 1.8505417028550621 
2.7801242586072497 2.0188377346321094 
2.846499288854597 2.182274268767887 
2.892972900060458 2.3445762019622625 
2.916012067471093 2.4915946433076273 
2.9179620265551534 2.627530684776645 
2.8993247726586238 2.750558917468033 
2.8608764985552795 2.8590192523700364 
2.8010903793338917 2.9546632663816195 
2.725707891846982 3.0291261898286725 
2.6343526435656757 3.0852769863784175 
2.528689611748866 3.1223877913211124 
2.4105328759570885 3.1400084507436024 
2.2818124835633498 3.137976506702562 
2.1391171563863836 3.115208427470012 
1.9951409999158831 3.0738342234577245 
1.8468163309314167 3.0141082040988016 
1.6961833745239927 2.9370340666640784 
1.5452211636007358 2.8438811444404295 
1.3958146355172736 2.736166038353403 
1.2441935320619746 2.6107638064193432 
1.1032445236323014 2.478969515089833 
0.9686981491298847 2.338486914727464 
0.8417754650137933 2.1915654908295568 
0.7234794999602808 2.0405547387692478 
0.610589173949498 1.8819944357941376 
0.5120101662766489 1.7301466393515805 
0.4236528254525713 1.581577981126064 
0.345548907512602 1.4386593495275164 
0.2774899609358714 1.3036711149097604 
0.21903644654085005 1.1787668726209042 
0.16779471137640067 1.0618658908199625 
0.12667136088290132 0.9634810251613054 
0.09255821319300743 0.8806062494000882 
0.06425751012527524 0.8145627873269462 
0.04044443975761358 0.7664029658928126 
0.018939758719318467 0.7361381778723181 
-2.0133690528459966e-4 0.72648789938788 
-0.019347566645531063 0.736119506749887 
-0.040021994245224186 0.7648760236340636 
-0.0637143010459622 0.8122948489868042 
-0.09184835138007837 0.877615180412975 
-0.12718685018612252 0.963270369748096 
-0.16834824652402972 1.0615519967255098 
-0.2175617952740439 1.1737433375427644 
-0.27568856323789137 1.2980490654506993 
-0.34338955659417353 1.4324804623850949 
-0.42430123147651577 1.5804930475625312 
-0.5126449504691247 1.7287695860356718 
-0.611185808027589 1.8802823430276046 
-0.7196421110450923 2.032607554128522 
-0.8374871366668981 2.1833077161632124 
-0.9639535971875266 2.329970039110726 
-1.1033362606685806 2.4754810204821833 
-1.2440499105539218 2.606741077553293 
-1.3896927222679032 2.7271677246743375 
-1.5386608997130944 2.8348187014857933 
-1.6891971437799869 2.927949730407609 
-1.8451636620403795 3.0076674695272425 
-1.9929647960552546 3.0667579284482884 
-2.1363557717333315 3.107494530575262 
-2.273269871795726 3.12915992835891 
-2.401649842755356 3.1313257917470017 
-2.5194836777522456 3.1138572300212792 
-2.628618044007325 3.075107607104245 
-2.7190971962606225 3.018413216021284 
-2.79355514090862 2.9434455784104046 
-2.8505117938611093 2.8512018499746814 
-2.8886963022977605 2.7429232236192127 
-2.9070723235467915 2.6200722102318514 
-2.904355675102128 2.4788510079026627 
-2.8802307083663132 2.331605632176196 
-2.8347896262734538 2.1753039074676512 
-2.7681214299134584 2.0120067140512994 
-2.6806156080066827 1.8438386071167066 
-2.5684307266639967 1.6663541218564735 
-2.44089717962483 1.4949124953654462 
-2.2955184916670177 1.3250746417673542 
-2.133838972492634 1.1588573113839247 
-1.957650532150202 0.9981640334917047 
-1.7689687226270108 0.8447543710145841 
-1.562178998700944 0.69485346091875 
-1.3550549804763807 0.5609965848512729 
-1.142631169830092 0.4386150724600497 
-0.9275123888604799 0.3286372478652 
-0.712358689408244 0.2317428655670724 
-0.49176155494183865 0.14542031051227242 
-0.284798777406424 0.07622607930161548 
-0.08581728140480574 0.020593806730119717 
0.10269963158665726 -0.021838033460826665 
0.2784089673477889 -0.05167481855317651 
0.4391431799460306 -0.06975133118043998 
0.5881110595761846 -0.07719864377180584 
0.7125052053127774 -0.07474283506732478 
0.8167328156163638 -0.06426131566196246 
0.8996310017235418 -0.04729137976944961 
0.9603396476525344 -0.025473400906234598 
0.999316350430572 4.8048184340024477e-4 
1.013451229257668 0.026843284727355657 
1.004743590192735 0.05277822141953838 
0.9736321537398628 0.0765687067734052 
0.9208707714769268 0.0965649559644008 
0.8475158914189318 0.11121644024386294 
0.7509840734969545 0.11925304773067984 
0.640088199308421 0.11877981851668948 
0.513465373528239 0.10916259889346533 
0.373175705804241 0.08953684368659641 
0.2214545269089781 0.059262952425209486 
0.06067730062572148 0.01794053744254576 
-0.11321118548660039 -0.036824793828031346 
-0.284704441398814 -0.10086450424066548 
-0.45756530146184576 -0.17562273914328275 
-0.6292411408945876 -0.26047931918276407 
-0.7972340299632503 -0.3545711289764477 
-0.9652126487765585 -0.4608827289833272 
-1.1183867175996576 -0.5701873283082499 
-1.2610031366419965 -0.6847700311306901 
-1.391148318008431 -0.8029610615439755 
-1.5071302417163601 -0.9229531296329142 
-1.6075020118374017 -1.042832273345678 
-1.6939472920489556 -1.1650714441249765 
-1.75913633831256 -1.278523576615853 
-1.805998967104008 -1.3857410785200301 
-1.8342284646082174 -1.484728910694549 
-1.8438137219492452 -1.5735621904984507 
-1.8343370774267829 -1.6531149479502298 
-1.8070859386325613 -1.715762581870901 
-1.7628994066022365 -1.763190827787401 
-1.7028665508000385 -1.794097314441192 
-1.6283033691810338 -1.8074061920405082 
-1.5407269913894632 -1.802290432771354 
-1.4378212225942864 -1.7768793938482925 
-1.3291002431230194 -1.7327734669740615 
-1.2128989984282308 -1.6694228354590246 
-1.0912290356120025 -1.5871464605887098 
-0.9661368423205949 -1.486558599876894 
-0.8348034967286153 -1.3636929494482706 
-0.7090295051212321 -1.2288788781425763 
-0.5858966082255578 -1.07935324350999 
-0.46723242661974673 -0.9168216063795522 
-0.354727873073438 -0.743211682852384 
-0.24990901795380535 -0.5606461107859175 
-0.15062379687489086 -0.36403288499595154 
-0.06538364438030284 -0.1704339401671996 
0.008783258409257725 0.024805023924665423 
0.07123175871406047 0.21911231197337377 
0.12156754250948283 0.4098990577838749 
0.16087197166729603 0.601546505813646 
0.1863571272830369 0.7772739457321279 
0.20008769873696666 0.9419128825143096 
0.20267595264477223 1.0932002607755469 
0.19495896869500737 1.229046065082431 
0.1779804773459898 1.3475656688891822 
0.15186497003553745 1.450538945250077 
0.11998270364002817 1.5289091041404987 
0.08303607824934446 1.5857687381814605 
0.04264942746543715 1.6203209373700136 
5.149481287789594e-4 1.6320809417873705 
-0.04164071821545645 1.6208837046581683 
-0.08358905535451717 1.585128998629071 
-0.12047579821042566 1.527964066099748 
-0.1522761087157799 1.4493021310059127 
-0.17746737719160352 1.3502439747161894 
-0.19465791541490216 1.2321727410435788 
-0.20272179719539765 1.0912010882934187 
-0.19998333488389908 0.9397155968055244 
-0.18609263191618497 0.7749095799661042 
-0.1604407369994904 0.5990483059924542 
-0.1226578180197677 0.4145346352770526 
-0.07262294332078055 0.22387204516769119 
-0.007841285192782986 0.022118832125031934 
0.06648278172925733 -0.17310801297356423 
0.15186869629010166 -0.3666586052787767 
0.24742569097442899 -0.5560182789363538 
0.3520340146007276 -0.7387664968864371 
0.4688166772301511 -0.9190918817392454 
0.5875487533561861 -1.0814449989724895 
0.7107239015095168 -1.2307662844983749 
0.836512751744772 -1.3653535214326749 
0.9629805157758804 -1.483750392482155 
1.0881200307667673 -1.5847656981156146 
1.2144745361418328 -1.6702950410282091 
1.3305718837422784 -1.7333673337605884 
1.4391600914783251 -1.7771926277708825 
1.53829966852151 -1.8017517320307659 
1.6261574845535776 -1.8073163530266805 
1.7036400810832861 -1.7935864692241703 
1.7634409920907967 -1.7624314631337945 
1.8073775900322298 -1.714771909813439 
1.834364169100392 -1.6519132555958962 
1.8435644763909556 -1.5753612232090857 
1.8344099286258033 -1.486792815017346 
1.8051712446604768 -1.3840480829960762 
1.7580241859947767 -1.2767242521970612 
1.6925561633580535 -1.1631949643351565 
1.6093732765031665 -1.0454897739578028 
1.5093715140927393 -0.9256358291407469 
1.3889850577840954 -0.8010293610627715 
1.2586236290112864 -0.6828766588654365 
1.1158155216599148 -0.5683578411282109 
0.962477270496991 -0.45914058977330635 
0.8007192104829373 -0.3567265649420743 
0.6328147045755584 -0.26242650200792816 
0.4545235171950297 -0.17426285835316407 
0.2816304758041331 -0.09965852648329418 
0.1101403476100743 -0.03578099385282673 
-0.0573785328096443 0.01700456682488373 
-0.21838207371552248 0.05858844007707637 
-0.3703897423295738 0.08911562209507629 
-0.5161740252948459 0.10953941357610898 
-0.6426278555411742 0.11900584025790127 
-0.7533279392636322 0.11934029786343449 
-0.8464250233890908 0.11161665417499604 
-0.9203073423511925 0.09709304208682543 
-0.9752510166114211 0.07633396710710515 
-1.0060940657930066 0.05247692756791827 
-1.014525682197721 0.026497157856545397 
-1.000111630425968 1.1185556307757513e-4 
