-1.0 0.0 
-0.9207423715989963 -0.04146139694379048 
-0.7746044729202392 -0.06990324331739414 
-0.5661508674468324 -0.07689809159315768 
-0.3025863838044113 -0.055061501754865454 
-7.225512106431079e-4 -1.646139482875972e-4 
0.3419699665356476 0.0942749090263477 
0.7063230637799444 0.22937391278338595 
1.078737064829482 0.40480859878761527 
1.4453946285320045 0.6179296881941159 
1.7928705062360821 0.8638450240741573 
2.108716561683945 1.1356222525693316 
2.3819941395722886 1.4246019056573909 
2.599413367945193 1.7142212085232558 
2.7642972008867575 2.0070344826837387 
2.86694972737488 2.2853856003773547 
2.905890522312486 2.538398806719272 
2.882300496976174 2.7559919780741846 
2.799882370843502 2.9293966537820024 
2.6646022516352788 3.0516190461445527 
2.4843267326347065 3.1178181882208285 
2.2734891812874096 3.1260473589042554 
2.032573274993288 3.076822594141956 
1.7766684478036816 2.97203815286366 
1.5162944106776537 2.816954046542712 
1.261301226932944 2.6191365641444944 
1.020386681756562 2.3881242705187824 
0.8006855209632044 2.134994775639914 
0.6074509339587278 1.8718530852542452 
0.44384376930855846 1.6112663248875223 
0.31346713070362786 1.3708812561045647 
0.20925699501296985 1.151287460474976 
0.13136538876205886 0.9686375575755182 
0.07488039268783941 0.8316489554931953 
0.0334790098476333 0.7468606248245243 
-1.4630260636662093e-4 0.7183203321682996 
-0.03380784173360686 0.7473908394482485 
-0.07531559629559556 0.8326846257554399 
-0.1304992482421822 0.9665521450345923 
-0.2080769785573508 1.1486639747644039 
-0.31192040779900665 1.3678471018583316 
-0.4452054840383996 1.6136421362644116 
-0.6090954772642979 1.8743199048449075 
-0.8025953477914255 2.1374386885283 
-1.0225248062249779 2.3904329002750297 
-1.2636126235648628 2.621204336652058 
-1.5129474091607644 2.81473177021132 
-1.7733271324968878 2.970444617435465 
-2.0293747442786545 3.0759430437981785 
-2.2705761203959476 3.1259348860777947 
-2.486270572668557 3.1176511258962027 
-2.6662017608803628 3.0509415086899874 
-2.801061554192529 2.92824139574445 
-2.882998804441863 2.7544124732753748 
-2.906066543550682 2.5364662368354707 
-2.8681540704740582 2.2891269225473265 
-2.7663734837628033 2.0110468345303834 
-2.6023276900455903 1.718356972493265 
-2.3801359064455627 1.4221745370160555 
-2.1064755619935234 1.133308710342071 
-1.7903408864440462 0.8617277777207741 
-1.4426864130211552 0.6160769208146241 
-1.0759716275278888 0.4032708985678492 
-0.7118645344763265 0.23163994072969596 
-0.3473785267450803 0.09598750881133547 
-0.004381302645077067 0.0010008942419438584 
0.3043357934339459 -0.05525177538356266 
0.5673686650623895 -0.07682813398092789 
0.7752115973597384 -0.06963969286001316 
0.9206826106965206 -0.041082915526523746 
0.9992423915834323 4.070378236512457e-4 
1.0097122877804956 0.044868140726463494 
0.9537201970096686 0.08549752663614851 
0.8342452950121179 0.11280882563175572 
0.6579099090150625 0.11931677587273502 
0.4336591384450017 0.09898345968519288 
0.17233578320038015 0.0475853896330326 
-0.11383000720198296 -0.037016834225225705 
-0.4117914888794671 -0.15472092635648324 
-0.7082887277953183 -0.3031462502357585 
-0.9844282722857233 -0.47360084902272637 
-1.2410745768502103 -0.6674162482245768 
-1.4613193843179124 -0.8727975040396738 
-1.6366745750309661 -1.0802859055858756 
-1.7609432861014225 -1.279639159194609 
-1.8304546595917761 -1.4603646097284946 
-1.844172491786684 -1.6122752306644315 
-1.8036737734212192 -1.7260399696108821 
-1.7155186791262034 -1.7927451702576376 
-1.581801193743885 -1.8093823662019155 
-1.4120113850713745 -1.7699142905569314 
-1.2155539599248082 -1.6728186524819235 
-1.0026970665137664 -1.519185195611026 
-0.7840226253877536 -1.312738928303121 
-0.5698707823961978 -1.0597333860281377 
-0.36980687764165837 -0.7687179224351324 
-0.19579189982195203 -0.4574829369072424 
-0.04645375733640918 -0.12364409565306889 
0.06927386244608741 0.2130364980505201 
0.1488726480212298 0.5391974580039385 
0.1920974583314356 0.8416746733286509 
0.20094145688515405 1.1081023971663952 
0.17948072283894007 1.3274817724863996 
0.13360722595491262 1.4906890954014005 
0.07066480299574039 1.5908990041498312 
6.316706994035972e-4 1.623913936041681 
-0.07097107962069273 1.5898312371503256 
-0.13374952558985628 1.488559392028009 
-0.17935340567676947 1.3243254017875494 
-0.2004454266444892 1.1039707512454893 
-0.19114233144646053 0.8366334145193113 
-0.14737848970171508 0.5333241882932583 
-0.06717240465899972 0.20641806380505384 
0.04625290800029214 -0.12340100844664759 
0.19559348789187112 -0.4580040403085748 
0.3740004926183879 -0.7769935274230826 
0.5748239255221702 -1.0683754947297972 
0.789747652662527 -1.3216579918753202 
1.009199325965483 -1.5282985426912048 
1.2228341398278773 -1.6820519818729345 
1.420068039061493 -1.779202569071054 
1.5872022027656465 -1.818413412660066 
1.7225917221680502 -1.8029424850204698 
1.8140499854064633 -1.735198079239541 
1.8553465918637313 -1.621317544891784 
1.8424487752706418 -1.4692643272868342 
1.7737887232174894 -1.288371927876344 
1.6504120464307044 -1.0888272826365024 
1.4759985970618763 -0.8811203291460133 
1.2567531823031406 -0.6754880707164359 
1.007172980554585 -0.4855084056858223 
0.7261361650008179 -0.31059417274532375 
0.4308383134849643 -0.1617681621791574 
0.13414435563644708 -0.04359000548484975 
-0.15069031144891415 0.04157262984694035 
-0.41062667049951074 0.09363033794453082 
-0.6334453929258933 0.11473468695827715 
-0.8083173559650709 0.10912002759313044 
-0.9243613392385198 0.08359055916369607 
-0.9803416847441283 0.04432721207322813 
-0.9689389029347689 1.7955133734929557e-4 
-0.8889677301061618 -0.039865507378776276 
-0.7421482843676248 -0.06683563076901289 
-0.5330398273274531 -0.07230015068155983 
-0.2688430963214602 -0.048869785164933593 
0.040919209154277894 0.009357419651248084 
0.3769046492274509 0.10383061916100049 
0.7418287763044504 0.24075221258424 
1.114787716585696 0.4181013717256668 
1.481957164270258 0.633235982863788 
1.8299024096582488 0.8812700432653392 
2.1461635435014528 1.1552758541906785 
2.419788121260594 1.4465966687552185 
2.6417860980594936 1.7452544280399753 
2.805485817753018 2.0404322751087256 
2.90521725132341 2.3150101871357207 
2.9440729300521626 2.5707908010029543 
2.9202468939998294 2.7912397704403844 
2.8374261121746964 2.967575911699335 
2.701562460634138 3.0927905173262777 
2.5205102435270894 3.1620258934190857 
2.3035786595571595 3.1728513343112623 
2.061022817434977 3.125421815537257 
1.8093090125870122 3.025366693552776 
1.547315883434788 2.8733094776868477 
1.290486015369409 2.6784700052297348 
1.047519693474374 2.4503698450879 
0.8255561494662412 2.200071209049611 
0.629854658491541 1.9396655971884014 
0.46358331519858154 1.6817087100362813 
0.3277253443763722 1.4386291610776318 
0.22317767991224285 1.2265842223100722 
0.1420818977951277 1.0462011087681027 
0.0822266210886424 0.9113479752463315 
0.03729521009456502 0.8285615635930108 
-1.472750133509002e-5 0.8018883192667369 
-0.03751169277097702 0.8326901127458112 
-0.0830032717940153 0.9195784585762183 
-0.14378912502665062 1.058480478304765 
-0.22618138221470527 1.2428333556028748 
-0.3323445374833315 1.458658811427314 
-0.47020275125521 1.7054770475871124 
-0.6388169910902927 1.967019530990953 
-0.8371932593229199 2.2308344736660497 
-1.0621513922273778 2.4843439994873577 
-1.3084188747811263 2.7154354922864177 
-1.568842187883508 2.91302671973872 
-1.8347058278280772 3.067577201024648 
-2.090456635549821 3.1698031459209233 
-2.3373830079573796 3.219163282443051 
-2.558912309458521 3.2099600704740276 
-2.744771385842999 3.142023816007355 
-2.8856324123795565 3.017771456351254 
-2.9736218916069084 2.84204782249928 
-3.0027681823400525 2.6218496269862777 
-2.9693639590970546 2.3659469007261316 
-2.8750695665670722 2.090879130569964 
-2.7170183794924707 1.794812095919176 
-2.5007356846743787 1.4948640223814567 
-2.2328700800689867 1.2018440402650625 
-1.9223877878802844 0.9257234583912798 
-1.5802166496725392 0.6751533335124006 
-1.2187911928162853 0.45705683246645346 
-0.8515199883927065 0.27631669366094197 
-0.5000006694802224 0.13825973723396265 
-0.1615883996453789 0.036945848263003435 
0.14281511302440514 -0.02595523959330498 
0.40181950756578955 -0.05448673301474641 
0.6059308238962208 -0.054545860583876817 
0.7479771891971796 -0.0335152963535858 
0.823428154974672 1.828333570068898e-4 
0.8305921777599128 0.03758669755135814 
0.7706826650642683 0.06972184336472126 
0.651122595280703 0.0879236354833882 
0.4730140336250679 0.08569402320228471 
0.2473477041636529 0.056409326487042034 
-0.015022660132775924 -0.0041450639102978025 
-0.30185440111164474 -0.09809938976621489 
-0.6000865697952736 -0.22534146619888035 
-0.8964433275767827 -0.3834795353103037 
-1.1780408601167098 -0.5679287087701349 
-1.4276710129548038 -0.7674217171726683 
-1.6464424833477067 -0.9829514903247927 
-1.8198370760747722 -1.2006980974475014 
-1.9416374785515758 -1.4103959745993973 
-2.0081528884604594 -1.6015260673040894 
-2.0183282563028144 -1.7638718416745742 
-1.9737234195325952 -1.8880697728018312 
-1.8783645870435934 -1.966126002597107 
-1.7420145606911264 -1.9919013557323078 
-1.5663632515808397 -1.962643630759658 
-1.3634395001843118 -1.8756045200874125 
-1.14350983014783 -1.7318323275410958 
-0.9171584547184216 -1.5350104856642413 
-0.6947317291456254 -1.2913514348795219 
-0.48580499944013333 -1.009364504416725 
-0.29869891897396195 -0.6995080835337426 
-0.14006961217733208 -0.3737421970695783 
-0.016999355087942314 -0.05224484747283159 
0.07363685674196645 0.26651064569820987 
0.12839173230533946 0.5620679997202959 
0.14923325745934887 0.822087035952612 
0.14021145917657304 1.03559169438126 
0.10719182607706243 1.1934784979583202 
0.05749166500170255 1.288940036898125 
-5.609965449479302e-4 1.317782765973732 
-0.0569124473740514 1.280227095820631 
-0.10544589729409191 1.1760003059870108 
-0.13651803600547913 1.0094403458780346 
-0.14281596145086842 0.7874015052065555 
-0.11848062848581638 0.5190347775625418 
-0.05947074329045533 0.2153644967829823 
0.036170360277187584 -0.11122007997955202 
0.16815949544741784 -0.44753342746474933 
0.329917997975027 -0.7729364394344173 
0.5241646909215814 -1.08947922084287 
0.7409048646284574 -1.3776675499526607 
0.9717889714871925 -1.6269922989945844 
1.2072085181983512 -1.8288941394877891 
1.4367796656605671 -1.9771118895666484 
1.649876391314766 -2.067915188499365 
1.836186148751353 -2.1002111891645447 
1.986259629873248 -2.075521276963604 
2.09020579543334 -2.000091985222419 
2.1466044603881467 -1.8765384869041375 
2.1484892521581656 -1.7139683051972223 
2.09423834666663 -1.5217198815638993 
1.984843137351666 -1.3099896529919597 
1.8239297161235253 -1.089281710302394 
1.6176502478233812 -0.8698518287282224 
1.3744482532633522 -0.6611742834459996 
1.1109077981939663 -0.47541817894671273 
0.8266936730473866 -0.3105759705244779 
0.5403625664881944 -0.1757007116721803 
0.26513081300935426 -0.0731974899262789 
0.01400206142073574 -0.003195453985786393 
-0.2008359816617526 0.03641545507108571 
-0.3685821368558611 0.04982685203841512 
-0.48033191233242645 0.043042213416896666 
-0.5291228982280549 0.024023117029932685 
-0.5132724541059419 1.902261503687356e-4 
-0.4297880821070554 -0.019193923123239438 
-0.2804038272965559 -0.025199939562673836 
-0.06969130222794165 -0.009439597361143666 
0.19513755563032642 0.03543437859962238 
0.504549619141954 0.11528220877095641 
0.8471161102726207 0.2341083095233973 
1.2100238952663216 0.3937896051950615 
1.5714602900312968 0.5890443769810518 
1.9342751304346244 0.8260862876829653 
2.2768355981513326 1.0959906673679995 
2.5866729701210103 1.391783101210447 
2.8528267493260016 1.70475812780572 
3.066300008484443 2.0248867703739504 
3.2204158576304187 2.341298941381012 
3.3110588073229894 2.642816502097751 
3.3369199746676514 2.9127386812293095 
3.3003491706579324 3.1533802420063397 
3.2037305060396113 3.3494394898577546 
3.053026690907664 3.4938452668508013 
2.8561074610905326 3.581676805997549 
2.6223023230540847 3.6104403219441865 
2.361891734865236 3.580228368303175 
2.085563212716632 3.4937530478838608 
1.810106377787697 3.3598103291197523 
1.5326995757201267 3.1796897147667678 
1.2683249064300808 2.9653594500136347 
1.024170285394409 2.7278323505875224 
0.8055472365549944 2.4791547184183598 
0.6156791055010705 2.2318415600041517 
0.45560677092741597 1.9982854832018562 
0.324215598033572 1.7901681881871896 
0.21838107027935788 1.6179034186754362 
0.13493496955356393 1.4924438184922149 
0.06393032759374376 1.4144603620374483 
2.322749774319883e-4 1.3913583895438737 
-0.06390703126371387 1.4244891914717432 
-0.13623528255311326 1.512456717533538 
-0.22399310837779013 1.6511830814141597 
-0.33343446560718915 1.8341025759156033 
-0.4694003145795325 2.0524746364164095 
-0.6309564173735666 2.2902044939863235 
-0.826511342796184 2.5465666185748317 
-1.0516793555850705 2.803946177563034 
-1.3032234780240624 3.0497685824318497 
-1.5758137711033797 3.2719255246948458 
-1.8622383972751047 3.459340273863522 
-2.1537224090401756 3.6024793177398355 
-2.4403387701332524 3.693785555621627 
-2.7057108554437996 3.7278960106531205 
-2.9513613165125783 3.7036652180192515 
-3.1607113671156575 3.6195165424466778 
-3.3243677992965712 3.4778874578259065 
-3.434391224878735 3.2836474379942193 
-3.4847440834557744 3.0438223285553607 
-3.471653666721654 2.7672160862384296 
-3.393870644929214 2.463949663432848 
-3.25280869035986 2.144940881225971 
-3.0576066089345413 1.8285137310358703 
-2.8058893025763916 1.5109427335822987 
-2.5103678465153547 1.2094376401040976 
-2.1819216475370253 0.9327121624213581 
-1.832941723697109 0.6877558392787402 
-1.476798456451274 0.47952091965908994 
-1.1272567076538023 0.31071964851997796 
-0.7978662158507805 0.18174162764349786 
-0.5075040862538056 0.09233102074450529 
-0.2541202495570826 0.03450666814477566 
-0.05420608570361437 0.004889755300607473 
0.0850715555790636 -0.0038276749604323865 
0.1591825605229049 5.847101939478655e-6 
0.16643150915817023 0.007500603144537115 
0.10802423559404782 0.009752516701878506 
-0.012000206980472721 -0.001630390817594399 
-0.18254425024157617 -0.03303586145906671 
-0.40256149164466104 -0.09172841251503618 
-0.6579222138798302 -0.18140320918341185 
-0.9364026076449102 -0.30412880189041386 
-1.2249618339098562 -0.45973247221653185 
-1.5103453101519808 -0.6457627787412008 
-1.779691619783879 -0.8575756918227528 
-2.021113732676925 -1.0885406455238795 
-2.2242266166859803 -1.3303566325459668 
-2.3776774910439586 -1.5681195599352726 
-2.48239306233156 -1.8024955552999729 
-2.5306808540846037 -2.0174812946584315 
-2.5215200622202683 -2.202800829453825 
-2.456508080700953 -2.34903142439779 
-2.33971236555932 -2.4481205707303704 
-2.177403397243359 -2.493842497749504 
-1.9776834040639206 -2.48217029861204 
-1.7553199857996318 -2.4137511623757297 
-1.5103478424026038 -2.286482657652123 
-1.2581925178973006 -2.1048992409480443 
-1.0092670764555176 -1.8751696215972675 
-0.7732173665246227 -1.6057640643651285 
-0.558437891258787 -1.307107096401598 
-0.3716614280441345 -0.9911305305775422 
-0.21764287503345775 -0.6707479389743687 
-0.10120029091348502 -0.36600555038598864 
-0.017359569154804532 -0.07593118721661281 
0.03272187350717595 0.18006637731941186 
0.05301345863313383 0.39100858668168076 
0.04930131476541071 0.5477836700667704 
0.028825208107279607 0.6435705243038297 
-1.6207088840140854e-4 0.674156995913187 
-0.028889287661389436 0.638136984590447 
-0.04858895989800588 0.536976713612368 
-0.05120710345907367 0.37916408917171196 
-0.02975952626721912 0.16424949250984638 
0.021831571651392077 -0.09572054846109637 
0.107549982865934 -0.3897578301561465 
0.22929752065874195 -0.705510417143366 
0.3867384970161736 -1.0298310002657856 
0.5772647035079235 -1.3493778991885717 
0.7960835838724459 -1.6512195036055919 
1.0309088900069332 -1.9177642372966528 
1.2841564560585053 -2.150870661715 
1.5410475604801483 -2.335594140015232 
1.7911537875288315 -2.4657167643462143 
2.0238053259270985 -2.5375530732081795 
2.2286467154921095 -2.5500571005149006 
2.3961868039612115 -2.5047994476064557 
2.5183146236244074 -2.4058168548559222 
2.587784175419922 -2.2630591754802163 
2.603731775252915 -2.077930029771161 
2.5623299785936435 -1.862571219955885 
2.4645397162558957 -1.627243459584637 
2.3139605192755797 -1.382518198267354 
2.1167224586231637 -1.1387214063646802 
1.881251951766339 -0.9054000278820891 
1.6179217455419173 -0.690838193494242 
1.3386012132961906 -0.5016475939988381 
1.0623449061149548 -0.34564271680507375 
0.7895769417514381 -0.21814439793674809 
0.5396035331757951 -0.12324980515737158 
0.3246309918816325 -0.05892402548666415 
0.1554849367396665 -0.021048602937130973 
0.04109975766981433 -0.0036905984762175665 
-0.011906730490150869 5.30866693525715e-4 
4.473288863056464e-4 1.9864913655795086e-7 
0.0768422387046513 0.0034174329070168993 
0.2190620133953113 0.01964621938914338 
0.4215854335279765 0.05702365132110382 
0.6772508933199064 0.12285010008865004 
0.9765767605484663 0.22294310093738445 
1.3081863628602386 0.3612683868660252 
1.6593188167637096 0.5396679032664944 
2.0164009382289105 0.757699553384485 
2.35807370081899 1.0065646908218253 
2.6867278621562654 1.2926855848091492 
2.982044210460403 1.6038037176502944 
3.2331120071859267 1.9311914823920482 
3.4309836915541725 2.2647993167949863 
3.5690315914832587 2.593737908685803 
3.643189582468554 2.9068111506504977 
3.6520692350135198 3.1930729296074487 
3.5969462768804252 3.442379487560826 
3.4847968984168936 3.641937743835856 
3.3164519863397612 3.7938867487665684 
3.101733318257617 3.8882234532268107 
2.850026613424227 3.922446973315452 
2.5716701672699807 3.896645894151439 
2.277410842114144 3.813531963150624 
1.9778529080532192 3.6783450028379843 
1.6829278980305196 3.4986328420320447 
1.4074676614500272 3.2889911757204273 
1.146049339926315 3.050733749173409 
0.9104839894941331 2.8003426404206784 
0.7040551298716213 2.550361691337241 
0.5278618962241377 2.3132176450364463 
0.3808453344966014 2.1006314346526835 
0.2599334066232492 1.9230608065840773 
0.16029601038157823 1.789201664289168 
0.07746267881627057 1.706851705959867 
5.904570071317575e-4 1.6762520253398265 
-0.07600795916826715 1.7012602945148572 
-0.16005038934270302 1.7805399070948889 
-0.25875272077090467 1.9100734611369918 
-0.3783492129051367 2.0833560719975424 
-0.5236659751800009 2.291707680946895 
-0.6977708692599551 2.524688961978178 
-0.9017191401973502 2.770600337213383 
-1.128945574776127 3.01164746783144 
-1.3865783928119897 3.246498305157909 
-1.6644386810672822 3.4575797638957626 
-1.9553204792841166 3.633865084758354 
-2.2504566030832684 3.765868551542113 
-2.5399293000048653 3.8460788502178658 
-2.8131528397532426 3.8692932518114747 
-3.0594038091930447 3.832836802514685 
-3.2642028489327255 3.739429137163191 
-3.427664301682079 3.587284822338602 
-3.5367593434126583 3.38277709643744 
-3.5854662882070047 3.1329717537380075 
-3.5700298955842444 2.8467127011561586 
-3.4892202472031766 2.5341609685739908 
-3.3444727585240903 2.206274609852952 
-3.139900757311046 1.874256180875516 
-2.88842246761468 1.5560765201819402 
-2.587410877854946 1.2471460121801536 
-2.2529327883334416 0.9635613057752759 
-1.8974179096925052 0.7123497097752824 
-1.5342793694108947 0.4984994533242922 
-1.1773288121997583 0.3247563948887962 
-0.8401666554971312 0.19154078975590855 
-0.5355767700804022 0.09698762249951413 
-0.27495476915322486 0.03710765247836246 
-0.07176417343745599 0.006487020339968648 
0.07616152332264185 -0.003440922560527188 
0.15898641042942105 -2.3621426541543818e-5 
