-1.0 0.0 
-0.9715134144573782 -0.020404781294644344 
-0.9281414952039722 -0.0390048803658158 
-0.8701192761538828 -0.05489015329293281 
-0.7978176402624684 -0.06717475116762743 
-0.711739858633099 -0.07500854437748973 
-0.6125167916503936 -0.07758814745772917 
-0.500900803010386 -0.07416741714422229 
-0.3777584512077169 -0.0640673021641427 
-0.2506524333343172 -0.0476857878562494 
-0.10789664105244827 -0.022884579460746873 
0.04324712868039615 0.010126028121274442 
0.20155339036273853 0.05167977939994132 
0.365733639317176 0.10200769149050572 
0.5344489533394519 0.16123409649632503 
0.7063230637799444 0.22937391278338595 
0.8799557580321176 0.30633117951297395 
1.0539364721108877 0.3918988746167264 
1.226857930245667 0.48576002198016455 
1.3973296882059836 0.5874900791069587 
1.5639914384228404 0.6965605821275502 
1.7255259378502104 0.8123440108523348 
1.88067142389532 0.9341198228087234 
2.028233389584222 1.0610815919959649 
2.1670955963552863 1.192345175588386 
2.296230211407149 1.3269578201557723 
2.414706966274654 1.4639081082787522 
2.51687760892355 1.5955414009928628 
2.6122724901257954 1.7339686693009344 
2.6949046572361106 1.8715108442931172 
2.7642972008867575 2.0070344826837387 
2.820098963377756 2.1394051522982442 
2.8620863881040335 2.2674998894083385 
2.890164016533717 2.3902196131783984 
2.904363635226408 2.506501358986221 
2.904842090052536 2.6153301940638136 
2.8918777992260627 2.715750682100019 
2.8658660108342926 2.8068777681218235 
2.827312864086572 2.887906961075022 
2.7768283263600146 2.958123698990955 
2.7151180901548972 3.016911790373209 
2.642974525153699 3.063760835370755 
2.56126679058549 3.0982725413136287 
2.4709302219227927 3.1201658591532238 
2.372955113485728 3.1292808801406324 
2.2734891812874096 3.1260473589042554 
2.1636082454017203 3.110224466179305 
2.0492190286431464 3.081876866772291 
1.9314119276648674 3.0413361955318012 
1.8112723365256154 2.989055119995345 
1.68986858945559 2.925603369542761 
1.5682402351213907 2.8516624943929303 
1.4473867721324771 2.7680194071661504 
1.3282569699005782 2.675558773115932 
1.2117388919646805 2.5752543278075457 
1.0986507306066837 2.468159212846635 
0.9897325521004169 2.3553954311095424 
0.8856390413658366 2.2381425326779563 
0.786933323259612 2.117625651226491 
0.6940819253522542 1.9951030178586941 
0.6074509339587278 1.8718530852542452 
0.5273033815504626 1.7491613994131527 
0.4537978896338261 1.6283073592120345 
0.39001846338093743 1.5160699373193185 
0.32954220984757826 1.4024057243107162 
0.27557217057718913 1.2941942513900937 
0.22786543696990155 1.1925636279223635 
0.18608632485622947 1.0985733928868004 
0.14981220753408517 1.0132034806133807 
0.11854038263770672 0.9373440042947889 
0.09169588947745333 0.87178596718352 
0.06864018275864145 0.8172130014473312 
0.0486805589238605 0.7741942236289768 
0.031080222873723973 0.7431782836576535 
0.015068875600102423 0.7244886715210562 
-1.4630260636662093e-4 0.7183203321682996 
-0.015369403171081484 0.7247376251231464 
-0.0314044072642328 0.7436736507977655 
-0.049043805133653966 0.7749309507678727 
-0.06905735101719505 0.8181835744614537 
-0.0921810863823234 0.872980489987035 
-0.11772873606123703 0.9353792816054031 
-0.14886880877782854 1.0109635081380306 
-0.18499612782083658 1.09608191872772 
-0.2266155513226217 1.1898470772011396 
-0.27415207040167044 1.2912814505848949 
-0.32794391426171104 1.399327600838887 
-0.3882366869247159 1.5128591975932277 
-0.4551786076216818 1.6306927334720265 
-0.5288169143896133 1.751599816107895 
-0.6090954772642979 1.8743199048449075 
-0.695853653762642 1.9975733554616797 
-0.7888264052676344 2.1200746330702267 
-0.8876456786201753 2.2405455516948454 
-0.9918430428441948 2.3577283989256403 
-1.1008535566447166 2.4703988054739807 
-1.2140208282821205 2.5773782224159225 
-1.3306032157960648 2.67754587336105 
-1.4497811024816958 2.7698500546790465 
-1.5648839023476147 2.8495577156025984 
-1.6865106212842722 2.923789286504952 
-1.8079419448236382 2.9875525281041044 
-1.9281393162704565 3.0401628146537742 
-2.046035068758902 3.081047174517241 
-2.1605441396905056 3.109749566291988 
-2.2705761203959476 3.1259348860777947 
-2.3750475071778374 3.1293916667082864 
-2.47289401713114 3.1200334441059896 
-2.5630828308896763 3.097898780514935 
-2.6446246247268945 3.0631499490523866 
-2.7165852562462725 3.0160702986409578 
-2.778096971213148 2.9570603327735694 
-2.828369003871274 2.8866325495684473 
-2.8666974493030715 2.8054051040358643 
-2.8924742939657606 2.7140943662549817 
-2.9051954993849716 2.6135064611078125 
-2.9048121810175465 2.5098937357852313 
-2.891018016558941 2.3938125524090346 
-2.8633492055656427 2.2712637679802747 
-2.821770407725369 2.143309128044901 
-2.7663734837628033 2.0110468345303834 
-2.6973783862876903 1.8755993195298735 
-2.615132700966116 1.7381008340784097 
-2.520109835110584 1.5996849901316605 
-2.412905865517575 1.4614723941528893 
-2.2942350720176172 1.3245585093776768 
-2.1649241975814064 1.1900018809739514 
-2.0259054897882884 1.0588128539800006 
-1.8782085918566418 0.9319429081341372 
-1.7229513641117291 0.8102747265713464 
-1.5613297285858774 0.6946131069346884 
-1.3946066402774089 0.5856768138261982 
-1.2241002983192841 0.4840914608112346 
-1.0511717188177123 0.3903834985106378 
-0.8854982534304827 0.3088491532613068 
-0.7118645344763265 0.23163994072969596 
-0.5399503955462488 0.16324297774937607 
-0.37115652252609416 0.10375731972263624 
-0.2068600375209073 0.05317111924695935 
-0.048401088999187124 0.011363055607116571 
0.10293023060556171 -0.02189497170681636 
0.2459065016968722 -0.04693391942654795 
0.3793749953305086 -0.06418249465117588 
0.5022689648504685 -0.07416092774515032 
0.6136180917344393 -0.07747369759370626 
0.7125579749193283 -0.07480129456343673 
0.7983385629647561 -0.06689111729922737 
0.8703314395954768 -0.054547609193561025 
0.9280358853214227 -0.038621748882496455 
0.9710836508345466 -0.020000016359797874 
0.9992423915834323 4.070378236512457e-4 
1.0124177271810364 0.021676488359246664 
1.0110744933382654 0.04188985553583879 
0.9952502141050359 0.062191684686659844 
0.9649686200342454 0.08067263285172292 
0.9206736342485908 0.09647590395313603 
0.86293683613386 0.1087895286526848 
0.7924513942928553 0.11685684788828243 
0.7100247787351771 0.11998634511992669 
0.6165703302030405 0.11756071322090939 
0.5130977766712539 0.10904505051957882 
0.40070279821941357 0.0939940902520798 
0.28055575153477175 0.07205837851925002 
0.15388967415606686 0.042989327631299 
0.021987696115674322 0.006643084341469646 
-0.11383000720198296 -0.037016834225225705 
-0.2522195824601051 -0.08791817029729676 
-0.391827044297702 -0.1458798399540459 
-0.5313018563904355 -0.2106131370530252 
-0.6693104041372201 -0.2817242167180836 
-0.7981908752803025 -0.35492645249751525 
-0.9296191877686963 -0.43697374921254756 
-1.055868025203277 -0.5236643030703267 
-1.1757956791795432 -0.6142367732297399 
-1.2883377653521928 -0.7078545394061665 
-1.392517263114598 -0.8036148313850845 
-1.487453570356304 -0.9005586947674913 
-1.5723704808833305 -0.997681683546052 
-1.6466030039803359 -1.0939451616925413 
-1.709602958345858 -1.1882880888147336 
-1.7609432861014225 -1.279639159194609 
-1.8003210466141275 -1.36692915921439 
-1.8275590643262143 -1.4491034053618939 
-1.8426062194951367 -1.525134123714428 
-1.8455363855524638 -1.594032632047018 
-1.8365460315269886 -1.6548611874950772 
-1.8159505224852022 -1.7067443660055361 
-1.7841791650618102 -1.748879844599364 
-1.744020789864569 -1.7792874041101028 
-1.6920699477957613 -1.800403419211433 
-1.6308111088331758 -1.8099223711997168 
-1.5610533614267128 -1.807420804743195 
-1.4836791918646235 -1.7925890494583123 
-1.3996337245249917 -1.7652362080610018 
-1.309913362846633 -1.7252938912907994 
-1.2155539599248082 -1.6728186524819235 
-1.1176186524214844 -1.607993088774136 
-1.0171854947791723 -1.531125590462252 
-0.9153350325067097 -1.442648734717555 
-0.8131379535471962 -1.3431163347156412 
-0.7116429554411124 -1.2331991699106246 
-0.6118649631779906 -1.1136794376439787 
-0.5147738283203414 -0.9854439803085944 
-0.4212836342332036 -0.8494763557506482 
-0.3322427251267903 -0.7068478313354909 
-0.24842456819847683 -0.5587073939885986 
-0.17408600688633616 -0.4136086064682417 
-0.10237188180430343 -0.25826160554405486 
-0.03765305630830206 -0.10114018827895101 
0.01966305427573344 0.056412689111966785 
0.06927386244608741 0.2130364980505201 
0.11098412143925686 0.3673665580107939 
0.1447071625227834 0.5180475654714293 
0.17046484690098487 0.6637470881072041 
0.18838623698821208 0.8031688810493747 
0.19870500625499407 0.9350658837263991 
0.20175562107300055 1.058252759017172 
0.19796834181705378 1.1716178411726772 
0.18786310377303006 1.274134365138753 
0.17204235100184181 1.3648708574755268 
0.15118290808197168 1.4430005779361628 
0.12602698546563523 1.5078099108426448 
0.09737242391663689 1.558705616569938 
0.06606229204341994 1.595220865600496 
0.03457669112705622 1.6163191293743973 
6.316706994035972e-4 1.623913936041681 
-0.03332298923606091 1.6165270341815852 
-0.06637563010737665 1.5942247271648973 
-0.09762610447423029 1.557209935189766 
-0.12619736726116185 1.5058201307352663 
-0.15124679878097091 1.4405239049181255 
-0.17197712793914577 1.3619162014965434 
-0.1876468284974979 1.2707122695127226 
-0.19757986719015377 1.1677403992578232 
-0.20117468976215375 1.053933519230255 
-0.19791233955940202 0.9303197438992257 
-0.18736361304369073 0.7980119732480695 
-0.16919516742991086 0.6581966551347438 
-0.14317450742430515 0.5121218303606992 
-0.10917379065197728 0.3610845878878193 
-0.06717240465899972 0.20641806380505384 
-0.019812090140117686 0.05698286404191808 
0.037456864700933304 -0.10085308776418363 
0.10215507199921925 -0.258301062712175 
0.1738788023137579 -0.4140168295520003 
0.25212309312704995 -0.5666864190368456 
0.33628668210119445 -0.7150389215829475 
0.4256781034192529 -0.857858766082107 
0.5195228823461839 -0.9939973511237389 
0.6169717506206062 -1.1223839071520252 
0.7171097936098594 -1.242035476664268 
0.8189664294567092 -1.3520659093540408 
0.9215261108361571 -1.4516937800089054 
1.0237396315328546 -1.5402491488671288 
1.1245359129378216 -1.617179096889706 
1.2228341398278773 -1.6820519818729345 
1.3175561104969036 -1.7345603753641503 
1.407638663504454 -1.774522654795237 
1.492046042026299 -1.8018832399557474 
1.5662457876701321 -1.8162871863855534 
1.6367488579348657 -1.8193564269872895 
1.6987941369310364 -1.8103782903451442 
1.7515693400870596 -1.7897717776943394 
1.794345251752789 -1.7580637479862828 
1.8264849588383623 -1.715881658467022 
1.8474521449182548 -1.663945268591508 
1.8568183482355902 -1.6030574036160918 
1.8542690981419405 -1.5340938842613292 
1.8396088565704019 -1.4579927376976116 
1.8127647040331059 -1.3757428126812667 
1.7737887232174894 -1.288371927876344 
1.722859047380104 -1.1969346871708095 
1.6602795552477663 -1.1025000990837939 
1.5864782088744893 -1.006139139128697 
1.5020040457072603 -0.9089123942271683 
1.407522850821911 -0.8118579269605539 
1.30381154974062 -0.7159794946143276 
1.197262818260366 -0.6266373207714843 
1.0781588487979354 -0.535765057565253 
0.952695827281858 -0.44872633172387905 
0.8220123288713069 -0.36628518938598215 
0.687313741493069 -0.2891224978313591 
0.5498606024871979 -0.21782873791429014 
0.4109562838273285 -0.15289789631284667 
0.271934154635159 -0.09472252291940098 
0.13414435563644708 -0.04359000548484975 
-0.0010596753220426841 3.1990014629589816e-4 
-0.13233478460823708 0.03693626005744052 
-0.258361647479042 0.06629686282214409 
-0.3778581327066425 0.08854683541907615 
-0.4895923454528761 0.10393599376985818 
-0.5923952099078649 0.1128149613978845 
-0.6851724579323724 0.11563010354608987 
-0.7669158961190323 0.11291733739003867 
-0.8367138312489304 0.10529489159225983 
-0.8913438380351348 0.09410358407455613 
-0.9356020255977823 0.0789505439738809 
-0.9658722730087089 0.06111028313935673 
-0.981706438395491 0.041438171706106426 
-0.9827886704524774 0.0208237953288233 
-0.9689389029347689 1.7955133734929557e-4 
-0.9401149763614118 -0.019571030922897633 
-0.8964133640425408 -0.03750511084135354 
-0.8380684944258071 -0.05271236208659872 
-0.7654506767232249 -0.06430666660050939 
-0.679062651667706 -0.07143754217714536 
-0.5795348038969869 -0.07330117174944954 
-0.467619086711944 -0.06915090697098276 
-0.3441817236515355 -0.058307124570325566 
-0.21019476431884418 -0.04016632120694386 
-0.06672658404087946 -0.014209341088675623 
0.08506857188319034 0.019991359672240482 
0.2439618885154761 0.06276549719332146 
0.4007071004398648 0.11168220157167949 
0.5696911045370118 0.17175088055699944 
0.7418287763044504 0.24075221258424 
0.9157193865079747 0.3185910122538669 
1.0899517323074805 0.4050610094772666 
1.2631177775626974 0.49984594506057783 
1.4338261981434213 0.6025219469210924 
1.6007156902885158 0.7125611639265496 
1.762467902925777 0.829336620181389 
1.9178198592359348 0.952128238818911 
2.0655757385693216 1.0801299711472907 
2.204617897037936 1.2124579544873517 
2.3339170136283975 1.34815961037007 
2.452541258417949 1.486223584061745 
2.559664390318569 1.6255904167741027 
2.6545727036029434 1.7651638335018454 
2.7366707551506773 1.9038225223062013 
2.805485817753018 2.0404322751087256 
2.858355949751256 2.1675935689979946 
2.90035462822545 2.296943390710799 
2.928414544528287 2.4209398427992364 
2.9425657521469564 2.5385190088510217 
2.9429633974939895 2.648664879279633 
2.9298842448964746 2.7504208205035297 
2.903721945624112 2.842900465533067 
2.864981110060691 2.9252979033260833 
2.814270254986617 2.996897051727592 
2.752293709982408 3.057080107545147 
2.6798425780533996 3.1053349772341248 
2.5977848555935226 3.1412616026677487 
2.507054825642373 3.1645771084247034 
2.408641845949045 3.175119709811948 
2.3035786595571595 3.1728513343112623 
2.1929293604015774 3.157858923147707 
2.0777771497080164 3.1303543940726195 
1.9649193161862983 3.092832676187024 
1.8441123004798359 3.0419773494292084 
1.721993696426739 2.979945201148273 
1.5996029749129663 2.907415889981606 
1.4779396737772197 2.8251744804862198 
1.357952713648667 2.7341038435661233 
1.2405304152468104 2.635175983619337 
1.1264913270465013 2.5294423829076425 
1.0165759627387394 2.418023464509629 
0.9114395373561742 2.3020972849787453 
0.8116457793995339 2.1828875763850473 
0.7176618839270958 2.061651264678133 
0.629854658491541 1.9396655971884014 
0.5484879001738228 1.8182150165198145 
0.4737210279236864 1.6985779210299428 
0.40560898012797086 1.5820134535095605 
0.34410337294987653 1.4697484595480392 
0.28905490067512674 1.3629647554031012 
0.24240639405141676 1.2673915592458402 
0.19916920334272858 1.174487298458801 
0.16139969211679966 1.0901752748316038 
0.12859590484185052 1.015345242889074 
0.1001835855682418 0.9507879159055331 
0.07552484502092863 0.8971866960179415 
0.05392758125386068 0.85511052022846 
0.03465554169015297 0.8250078993533312 
0.01693890713934654 0.8072022141431736 
-1.472750133509002e-5 0.8018883192667369 
-0.017009105625956634 0.8091304917634776 
-0.03484792715140427 0.8288617460839249 
-0.05432346688560997 0.8608845231088517 
-0.07620532731526151 0.904872745729556 
-0.10122945858135446 0.9603752188438922 
-0.13008757540020371 1.0268203371368383 
-0.16341709621389108 1.103522049928565 
-0.20179172396728406 1.18968701884106 
-0.24348899130634302 1.2797314761368859 
-0.29308515128879054 1.381718295478756 
-0.34896911592100077 1.4902845895177286 
-0.41138664367881217 1.6043033575635743 
-0.4804861085954118 1.7225903226093606 
-0.5563148932603311 1.843916219834026 
-0.6388169910902927 1.967019530990953 
-0.727831850689066 2.090619528048526 
-0.8230944810351518 2.213429486258802 
-0.9242368219289115 2.3341699251658965 
-1.0307903697526297 2.4515817359421335 
-1.1421900343086804 2.5644390548590676 
-1.2577791884619374 2.671561745646213 
-1.3768158586780401 2.7718273579282213 
-1.4984799914732188 2.8641824348141807 
-1.6218817184178154 2.9476530499730713 
-1.7460705308052664 3.021354463089276 
-1.8700452645376895 3.084499792354656 
-1.9869651657178486 3.134199481232225 
-2.107494915532537 3.1748737170131176 
-2.224664780430182 3.2033073612667944 
-2.3373830079573796 3.219163282443051 
-2.4445646077240673 3.222227993563348 
-2.5451436676706676 3.2124130314835777 
-2.6380855985105702 3.1897549930568396 
-2.722399168766881 3.154414232507367 
-2.797148194616433 3.106672238947696 
-2.8614627520570823 3.046927727365093 
-2.914549783692927 2.9756914904121365 
-2.9557029786356797 2.893580071806116 
-2.984311811581655 2.8013083349254937 
-2.9998696359626456 2.6996810121479213 
-3.0019807360882704 2.5895833314734586 
-2.9903662542896665 2.4719708268968708 
-2.9648689211181005 2.3478584477274023 
-2.925456529516482 2.218309089506065 
-2.8750695665670722 2.090879130569964 
-2.8088807426978954 1.9539038127636021 
-2.7294260887643884 1.8147931692505979 
-2.637176049040329 1.6746805478642695 
-2.532723748875959 1.534686443195337 
-2.416780540667084 1.3959063571186499 
-2.2901702759874873 1.2593990210272412 
-2.1538223585697627 1.1261751097001957 
-2.008763646218147 0.997186570973758 
-1.8561092824205656 0.8733166882592606 
-1.6970525502536868 0.7553709845340641 
-1.5328538520164496 0.6440690668195834 
-1.3648289277614039 0.5400374994580328 
-1.1943364344145568 0.44380378282864835 
-1.022765014385483 0.3557915016322065 
-0.8515199883927065 0.27631669366094197 
-0.6820098115979222 0.20558547620496084 
-0.5156324350072518 0.14369295307919983 
-0.3613477570873919 0.0929518924174289 
-0.20501221312219114 0.048170514865383644 
-0.055745601964502595 0.01186881445218561 
0.08522613865896549 -0.01628270060455164 
0.2167516589691917 -0.036711266761355825 
0.3377654942863925 -0.049935647265336496 
0.44729851739086296 -0.056558865961400286 
0.5444874352811971 -0.05725997803906519 
0.6285832295943284 -0.05278497376012388 
0.6989584511264326 -0.0439369209232457 
0.7551132910429096 -0.03156546035075738 
0.7966803643597717 -0.016555775931669535 
0.823428154974672 1.828333570068898e-4 
0.8352630857763147 0.017728647567064267 
0.8322301920097281 0.035159351164846524 
0.814512390963427 0.0515638533405413 
0.7824283560102685 0.0660539669453977 
0.7389269469371975 0.07729253263133351 
0.6802108215414562 0.08562540615117023 
0.6088214435910494 0.08966305084849047 
0.5255672007825466 0.08871488237660081 
0.4313624049718203 0.08216450628536195 
0.32721781592860516 0.06947792187200476 
0.21423021252372162 0.050210760197778044 
0.09357112252473944 0.024014471263366782 
-0.03352516896069463 -0.009358612881339183 
-0.1657742047962553 -0.0500513997067329 
-0.30185440111164474 -0.09809938976621489 
-0.4404204140890542 -0.15342929572554367 
-0.5801166865320185 -0.21585894610364834 
-0.7195910308273786 -0.2850984785112496 
-0.8575081047866074 -0.36075281264585274 
-0.9925626382826751 -0.4423253788651461 
-1.1234922715687872 -0.5292230639770193 
-1.2490898706394014 -0.6207623221095441 
-1.3627053235339863 -0.7115571468375207 
-1.4746775310303486 -0.8098799230009708 
-1.5781846012846723 -0.9103727306912995 
-1.6723438572884795 -1.0120745806380742 
-1.75637700625938 -1.113978850308802 
-1.829616971173927 -1.2150445817724813 
-1.891513497192165 -1.3142082648060471 
-1.9416374785515758 -1.4103959745993973 
-1.9796839655430227 -1.502535729096901 
-2.0054738256319373 -1.5895699281845423 
-2.0189540474965395 -1.670467735626056 
-2.0201966915596468 -1.7442372648846263 
-2.009396505328868 -1.8099374317370247 
-1.9868672363705828 -1.8666893398781559 
-1.9530366898667184 -1.9136870704894862 
-1.908440591285406 -1.95020775295529 
-1.8537153275887317 -1.9756208014877066 
-1.7895896524616886 -1.989396211284463 
-1.7205199831081686 -1.9913085880087527 
-1.6404480170884412 -1.981250406322449 
-1.5535733580851026 -1.9586412247542462 
-1.460891983116068 -1.9234084806687024 
-1.3634395001843118 -1.8756045200874125 
-1.2622789854270122 -1.8154077125785293 
-1.158488619306415 -1.7431222144154308 
-1.053149260600914 -1.6591763761063443 
-0.9473320972098451 -1.5641198051977845 
-0.8420865115025015 -1.4586191099620305 
-0.738428295134929 -1.3434523640296614 
-0.6373283439619574 -1.2195023460653018 
-0.5397019579335094 -1.0877486220518695 
-0.4463988637507226 -0.949258550499746 
-0.35819406964671097 -0.8051773027896282 
-0.2757796520454715 -0.6567170017628483 
-0.19975756314605117 -0.5051450914677401 
-0.130633536799037 -0.3517720595493341 
-0.07158560488282016 -0.20525447958372184 
-0.016999355087942314 -0.05224484747283159 
0.029798844165120117 0.09857063841849077 
0.06871994444997105 0.24583964234585529 
0.09978334985302172 0.3882325631177517 
0.1231155995293235 0.5244558503504331 
0.13894778865652505 0.6532650025308415 
0.14761176108938465 0.7734771085863485 
0.14953512085355253 0.8839827993702816 
0.14523512291343568 0.9837574816371234 
0.13531151625690696 1.0718717346315967 
0.12043842411979465 1.147500758272453 
0.1013553569946609 1.209932771976124 
0.0788574638113244 1.2585762743303135 
0.05378513523289089 1.2929660859698944 
0.027013080285827117 1.3127681109961584 
-5.609965449479302e-4 1.317782765973732 
-0.028027986140127633 1.3079470397878934 
-0.05325586448998382 1.2848396304776895 
-0.07790545898603839 1.2463491604387535 
-0.0998101755730767 1.1936189761578433 
-0.11812990628578764 1.1271189777043247 
-0.1320698711469335 1.0474454078321094 
-0.14089101850535152 0.9553148135464224 
-0.14391977820630644 0.8515567903840133 
-0.14055705359475215 0.7371055869685164 
-0.13028634689974172 0.6129906595512404 
-0.1126809222832096 0.48032627741998346 
-0.0874099216507866 0.34030029013103624 
-0.054243360096177994 0.19416217638471675 
-0.013055940453404061 0.04321050192535448 
0.036170360277187584 -0.11122007997955202 
0.09334496602988973 -0.2677721472042803 
0.15826865748143917 -0.4250790050803698 
0.23063481329418475 -0.5817782171886248 
0.31003192700288196 -0.7365250273301672 
0.3917169806265381 -0.8808851821767346 
0.48327575482294294 -1.0280731605651332 
0.5800805646467571 -1.16956656642298 
0.6813536637370535 -1.3042150489751991 
0.786242390567036 -1.4309460885516758 
0.8938283099039135 -1.5487749865496458 
1.0031371872318733 -1.6568138711558713 
1.1131496868354953 -1.7542796265365468 
1.2228126758213147 -1.8405006650887255 
1.3310510092321448 -1.9149224750925782 
1.4367796656605671 -1.9771118895666484 
1.5389160984608676 -2.0267600361615083 
1.636392664841891 -2.063683942376325 
1.7281689938283904 -2.0878267850883536 
1.8132441543233544 -2.0992567881869184 
1.8906684862853385 -2.098164786837391 
1.9595549613371845 -2.084860491406368 
2.0190899439089303 -2.059767498197052 
2.066426708154851 -2.0253943960769742 
2.105684167423303 -1.978908580370734 
2.1337088395469768 -1.9224844257421816 
2.150066861348671 -1.856924785834982 
2.154438310809524 -1.783105712099072 
2.1466221621276795 -1.7019656710425657 
2.126539985798531 -1.6144941644515836 
2.09423834666663 -1.5217198815638993 
2.0498898670197194 -1.424698516968708 
1.993792936303567 -1.3245003913058928 
1.9263700637736734 -1.222198013620237 
1.8481648852045156 -1.1188537244694523 
1.7598378494869178 -1.015507557590527 
1.662160625397099 -0.9131654551106791 
1.5560092828592553 -0.8127879669819092 
1.4423563164916118 -0.7152795595689186 
1.3222615919768221 -0.6214786511957471 
1.2029364555758377 -0.5362905517062743 
1.0736033589620748 -0.4518516265503054 
0.9413666681452459 -0.3731267387418033 
0.8075253787999425 -0.3006133484336583 
0.6734086464242812 -0.23470762534478432 
0.5403625664881944 -0.1757007116721803 
0.40973670438899107 -0.12377624024063069 
0.28287051727867263 -0.07900913216893661 
0.16107981126961338 -0.04136568389690537 
0.04564337741068491 -0.01070493888922917 
-0.06221005184234801 0.013218675126774564 
-0.1613143871456718 0.030751476763397945 
-0.250578173968625 0.04233547663233359 
-0.32899586383407187 0.04850219858352902 
-0.3956582450036651 0.049865449660696205 
-0.4497619213681777 0.04711312369998789 
-0.49061773836524303 0.04099813432921421 
-0.5176580659086618 0.032328582878109274 
-0.5301623764328163 0.022476757818236933 
-0.5290824266518908 0.011308538104966357 
-0.5132724541059419 1.902261503687356e-4 
-0.4826918565359521 -0.00995904925693316 
-0.4374385685052976 -0.01822082567728995 
-0.3777483937622369 -0.023689130995062178 
-0.30399294080332256 -0.025482176975257634 
-0.21667618335848018 -0.022753787517993864 
-0.11642968216941489 -0.014704429702093545 
-0.0040065186868713945 -5.917201604774775e-4 
0.11972599498741981 0.020259714791848342 
0.2537947525887186 0.04844913961684233 
0.3971303471261181 0.08449147641868346 
0.5485775206056364 0.12881003432756008 
0.7069064592917014 0.18173028672889588 
0.8708248148797924 0.24347476992086575 
1.0389903243737304 0.3141591642102097 
1.2100238952663216 0.3937896051950615 
1.374296376740294 0.4778506011651006 
1.5468782096794629 0.574543324134021 
1.7181715430662026 0.6795533930675773 
1.8867841008822754 0.7924524167760973 
2.0513536409270023 0.9127079527548259 
2.2105608922978908 1.0396883540319715 
2.3631419832037683 1.172668786071335 
2.5079002301605486 1.3108383496895986 
2.643717166821202 1.453308233430823 
2.769562699203922 1.5991208071633167 
2.8845042838084947 1.7472595579545613 
2.987715035944499 1.8966597596588843 
3.0784806874161283 2.046219759227489 
3.156205325385391 2.1948127556137655 
3.2204158576304187 2.341298941381012 
3.2707651633786967 2.4845378727864613 
3.3070339032747476 2.6234009312670588 
3.329130976677977 2.7567837379179587 
3.337032129204198 2.8777423811654503 
3.3316796892397247 2.997391975915979 
3.3126199940515346 3.108558351541288 
3.2802473897216258 3.210348898798855 
3.2350673780375914 3.30195140377977 
3.177689573067363 3.3826434320713767 
3.10881961597216 3.451800790954873 
3.029250143064373 3.5089049730170077 
2.939850912144591 3.5535494955470073 
2.8415582009993527 3.585445062039822 
2.735363599512257 3.604423484904745 
2.6223023230540847 3.6104403219441865 
2.503441179606991 3.60357619317271 
2.379866326391268 3.5840367589383306 
2.252670953568184 3.5521513549278634 
2.1229430328690695 3.508370294325699 
1.991753267750522 3.453260861989034 
1.8601433789120425 3.38750203984199 
1.7353268772574884 3.3156902070276573 
1.6057366686076675 3.23148918020959 
1.4785273169113213 3.139227227310067 
1.354522108378126 3.0399505949554375 
1.2344664833317904 2.934774654818291 
1.1190207612556353 2.8248726057592 
1.0087539411235487 2.7114635242205347 
0.9041386420918088 2.59579988974935 
0.8055472365549944 2.4791547184183598 
0.7132492139392188 2.362808441363432 
0.6274097995683754 2.2480356686115126 
0.5480898386526551 2.136091979803475 
0.47524694107032256 2.028200883303537 
0.40873786830565534 1.9255410835332545 
0.348322129825506 1.829234193189099 
0.29366674248219454 1.740333022334186 
0.244352093372735 1.6598105702462467 
0.19987883411012472 1.5885498384218144 
0.16150246726410225 1.5300113861828808 
0.12477715260494329 1.4789936301063262 
0.09103319562065473 1.4392352343705972 
0.05954057338670901 1.411183236215399 
0.0295356747809098 1.395159715593739 
2.322749774319883e-4 1.3913583895438737 
-0.029167222039328713 1.399842550690343 
-0.05946040569151159 1.4205443721203885 
-0.09143348003044165 1.453265586155668 
-0.1258500182526227 1.4976795297305054 
-0.16343998329517473 1.553334534358821 
-0.20488914429926025 1.6196586241833633 
-0.25082901426899695 1.6959654715108459 
-0.3018274283786171 1.7814615456990208 
-0.3583798751575018 1.8752543784248057 
-0.42090168429084573 1.9763618563653573 
-0.4897211651081995 2.083722441298926 
-0.5613349947220784 2.1907509852776945 
-0.6430393204152989 2.3070115088886984 
-0.7314520181797165 2.4260371532881613 
-0.826511342796184 2.5465666185748317 
-0.9280509973428636 2.667319439901073 
-1.0358002312125112 2.7870092002261972 
-1.1493852034339727 2.9043567721591437 
-1.268331601475789 3.0181034472725417 
-1.3920684914194883 3.1270238126751906 
-1.5199333613484467 3.2299382375626715 
-1.6511783061593057 3.325724836890753 
-1.7849772889214286 3.413330785186732 
-1.9204344015297103 3.4917828607626498 
-2.0565930358570212 3.5601971091427203 
-2.19244586604388 3.6177875242705637 
-2.32694553308181 3.663873656911618 
-2.4590159145622814 3.6978870714942196 
-2.587563855465781 3.7193765853074154 
-2.7057108554437996 3.7278960106531205 
-2.8242232926694104 3.7240964507303853 
-2.9360034842823537 3.7071570846462483 
-3.04001026268439 3.6771162900018295 
-3.135245774386763 3.6341363742405592 
-3.2207671774488453 3.57850096237508 
-3.295697862362517 3.5106110977237948 
-3.359238068625522 3.43098010287111 
-3.4106747754385145 3.34022726154064 
-3.4493907525101744 3.2390703948608177 
-3.4748726657824833 3.128317417467014 
-3.486718142897957 3.0088569698917302 
-3.484641714313655 2.8816482336257283 
-3.46847955800292 2.747710043977351 
-3.438192988543429 2.6081094233218 
-3.393870644929214 2.463949663432848 
-3.3357293455166883 2.316358090262797 
-3.264113592966259 2.1664736477293256 
-3.1838098359232188 2.022636287871383 
-3.08735464008561 1.8715434531236108 
-2.9791629931689583 1.721468703707709 
-2.8600532045105163 1.5734765307486525 
-2.7309493279565915 1.4285835823785675 
-2.5928730766549215 1.2877479844270654 
-2.4469346667062517 1.1518593928782617 
-2.2943226821668974 1.0217298868026206 
-2.136293064743901 0.8980858008687269 
-1.974157341270007 0.7815605858481258 
-1.809270210576636 0.6726887738622104 
-1.6430166186076534 0.5719011126163198 
-1.476798456451274 0.47952091965908994 
-1.3120210203499854 0.39576169394404376 
-1.1500793756261085 0.3207260078059271 
-0.9923447678040797 0.2544056880559582 
-0.8401512240002009 0.19668328040593414 
-0.6947824858902479 0.14733477701361838 
-0.5637989376454136 0.10782371311750781 
-0.43520505595649966 0.07379371986731781 
-0.316814301094418 0.04689819105339694 
-0.20959477447483063 0.0265417686081748 
-0.11440899047767754 0.012053037997423587 
-0.032005427725459716 0.0026936131194053295 
0.036988774583669594 -0.0023320166012828544 
0.09207389776674585 -0.0038659911378968654 
0.13288243763581914 -0.002786058276921655 
0.1591825605229049 5.847101939478655e-6 
0.17088018475174038 0.0035952910333738397 
0.16801966560437165 0.007067160915148702 
0.15078307671733715 0.00951748206175465 
0.11948809580811297 0.010065094063150655 
0.0745845175140845 0.007863052210711064 
0.016649430761965206 0.002109622323070406 
-0.053618887684405404 -0.007941258150019625 
-0.13540829817997393 -0.02297017389758735 
-0.2231757628237518 -0.04246693757709399 
-0.3247264726608094 -0.06888605221257575 
-0.4348225766412513 -0.1018276678217651 
-0.5522943783532663 -0.1416339826618113 
-0.6759094920838048 -0.18854637985774894 
-0.8043854228738526 -0.24270154275417757 
-0.9364026076449102 -0.30412880189041386 
-1.0706177789401987 -0.37274874719346224 
-1.205677509593069 -0.4483731247572611 
-1.340231794942316 -0.5307060231198999 
-1.4729475290747713 -0.619346339422086 
-1.6025217329930017 -0.7137915013926002 
-1.7276943955619462 -0.8134424069194427 
-1.8472607925497342 -0.9176095291862821 
-1.96008315499645 -1.0255201221371661 
-2.06510156545189 -1.136326448523282 
-2.161343969241307 -1.2491149411253917 
-2.247935197749093 -1.3629161970624377 
-2.320724263962835 -1.471312077863143 
-2.386354593424284 -1.5841356490097698 
-2.440386185547746 -1.694890127119916 
-2.48239306233156 -1.8024955552999729 
-2.5120735299770613 -1.905873912975271 
-2.5292518493875518 -2.0039615587518846 
-2.533878549519442 -2.0957216171916846 
-2.526029387033 -2.1801561706252737 
-2.505902970430015 -2.2563181188850785 
-2.473817081378934 -2.3233225731182383 
-2.4302037400559073 -2.380357654601743 
-2.375603074917651 -2.426694575680465 
-2.3106560702210306 -2.4616968875139786 
-2.2360962766730736 -2.4848287881700903 
-2.1527405817029264 -2.495662394644422 
-2.0614791458716635 -2.4938838935078045 
-1.9632646207694537 -2.479298496964558 
-1.8641805918140462 -2.4534337141679408 
-1.7553199857996318 -2.4137511623757297 
-1.6425718247652386 -2.361410578021574 
-1.5270205350716448 -2.2967111540350764 
-1.4097534240254157 -2.2200764545236793 
-1.2918483254156408 -2.132051491717866 
-1.1743614583268955 -2.033298483407785 
-1.058315634186187 -1.924591330804819 
-0.9446889427183994 -1.8068088708030057 
-0.834404041758694 -1.6809269700880873 
-0.728318168768839 -1.5480095413001118 
-0.6272139835048267 -1.409198573356239 
-0.5317913416819771 -1.2657032789546612 
-0.4426600887863594 -1.1187884720855412 
-0.360333951509717 -0.9697622969652302 
-0.28522559176708473 -0.8199634370877165 
-0.21764287503345775 -0.6707479389743687 
-0.15778639095369187 -0.5234757896311835 
-0.10804879352458109 -0.38625910833130755 
-0.06344313951488817 -0.2466521206795156 
-0.02652448596679536 -0.11289669908633272 
0.002930006646868421 0.013762934324864955 
0.025243951017909896 0.1321438569305037 
0.04083675934103689 0.24113640254495142 
0.05021754834536745 0.3397154020631318 
0.05397799595094982 0.42695058786005574 
0.052784234270046436 0.5020160508444719 
0.04736787450349327 0.5641986491181226 
0.03851626903544202 0.6129052783478247 
0.02706212459696849 0.6476689260914709 
0.013872587655462128 0.6681534453010639 
-1.6207088840140854e-4 0.674156995913187 
-0.014140040116790781 0.6656141176817842 
-0.02715968802412509 0.6425964120537859 
-0.038331278850146096 0.6053118257760225 
-0.046788552724590364 0.5541025438893213 
-0.051558353335232635 0.49281727528656477 
-0.05236154619828703 0.4159000683343262 
-0.048136757908878496 0.32681195434215055 
-0.0382166981057882 0.22637910458823596 
-0.02200840607647144 0.11553225228543533 
9.98620111337961e-4 -0.00470274220460211 
0.03122525596627136 -0.1332152761118224 
0.06899662941740035 -0.26882122808270453 
0.11453711937888535 -0.41027490134318323 
0.16796653467247677 -0.556281558881221 
0.22929752065874195 -0.705510417143366 
0.2984342270991245 -0.8566079600061581 
0.3751722565523698 -1.0082114315514474 
0.45919989815927537 -1.1589623644819096 
0.5501006371491807 -1.307520000875104 
0.6473569159711778 -1.4525744633917828 
0.7503551087742931 -1.5928595380122093 
0.858391657189742 -1.7271649338364092 
0.9652492386077801 -1.848469100439322 
1.0807882937943212 -1.9678779452553785 
1.1988381844172844 -2.078168225109346 
1.3184200591529478 -2.178456324400074 
1.4385100044848516 -2.2679634395630095 
1.5580503469513292 -2.34602235823437 
1.6759614375187182 -2.412083014276315 
1.7911537875288315 -2.4657167643462143 
1.9025404213499733 -2.5066193457224726 
2.0090493080297067 -2.534612489544878 
2.1096357329401436 -2.5496441783320476 
2.203294470637314 -2.5517875514396002 
2.289071621924499 -2.5412384768582235 
2.366075981398643 -2.5183118222591583 
2.4334898065323944 -2.4834364723165887 
2.4905788655532106 -2.4371491529175153 
2.5367016489565883 -2.380087135761367 
2.5713176383524123 -2.3129799089123755 
2.593190558198457 -2.2404717009045774 
2.6041995308509613 -2.1561606852552297 
2.6027594080192555 -2.0644031645546304 
2.5887884269644856 -1.9661949567628976 
2.5623299785936435 -1.862571219955885 
2.5235536834881205 -1.7545942679800273 
2.4727551145291478 -1.6433411876613802 
2.4103541623048983 -1.5298913964182705 
2.3368920542888794 -1.4153142793844566 
2.253027053490828 -1.3006570438687604 
2.1595288767372405 -1.1869329261721104 
2.0572718867814577 -1.0751098814887714 
1.9472271259170768 -0.9660998818817017 
1.830453271526689 -0.8607489402096345 
1.7080866058982633 -0.7598279694733658 
1.581330103555171 -0.6640245774377646 
1.451441749150313 -0.573935885679273 
1.319722207563232 -0.49006245052723324 
1.193789684335654 -0.41632762035583487 
1.0623449061149548 -0.34564271680507375 
0.9330325812869614 -0.2820459465473688 
0.8071932720424544 -0.22562003008153253 
0.686144183135296 -0.1763390194685163 
0.5711657944846836 -0.13406965420454825 
0.4634888129121311 -0.09857398289357235 
0.3642815815654645 -0.06951321747244135 
0.27463808088574604 -0.046452772894562636 
0.1955666488220642 -0.02886843186826889 
0.12797954046209406 -0.016153561623400446 
0.0726834384030091 -0.007627297882691399 
0.030371015135665074 -0.0025436003747413803 
0.0016136375621616478 -1.0107446212688282e-4 
-0.013144708364260238 5.465551200259365e-4 
-0.013592207866761763 2.7943971825979965e-4 
4.473288863056464e-4 1.9864913655795086e-7 
0.027323708816044796 5.586858852378712e-4 
0.06963175157239364 0.0028874771530153576 
0.1261422446395655 0.007887090166819329 
0.19648844511157446 0.016433957693973537 
0.2801713478673246 0.029369107594446612 
0.3765644491432824 0.0474871312757901 
0.48491979860130835 0.07152567563149051 
0.6043752756860021 0.1021555800973832 
0.733963013059726 0.1399717732328895 
0.8726188777400284 0.18548503472445796 
1.0191929093731233 0.23911471901168857 
1.1724606049824235 0.3011825259604828 
1.3311349306395668 0.3719073922711188 
1.4938789329159332 0.45140156474362747 
1.6593188167637096 0.5396679032664944 
1.826057351716942 0.6365984475957999 
1.9926874650436357 0.7419742678029994 
2.1578058787539725 0.8554666038478275 
2.3123877038726866 0.9707025768698148 
2.4705881711048305 1.0986894009422528 
2.6232851963280246 1.2332104948060556 
2.7692200167148373 1.3735386031579917 
2.907201029427929 1.5188604960011796 
3.036114823347506 1.6682851140450201 
3.15493633811169 1.8208526560367555 
3.262738046871924 1.975544509168826 
3.358698069990527 2.1312939140759037 
3.4421071387196682 2.2869972474983613 
3.5123743405722485 2.4415257985422194 
3.5690315914832587 2.593737908685803 
3.611736793819902 2.7424913413386767 
3.6402756536748577 2.8866557438959175 
3.654562145512091 3.0251250638833382 
3.6546376269678746 3.156829780974592 
3.6406686212788366 3.2807488183752147 
3.612943299253748 3.3959210002971094 
3.5741182841513974 3.4966612662922816 
3.5208043187107227 3.592264002841688 
3.455243056317908 3.6767329429239406 
3.3781455990076665 3.749442772331303 
3.290310118505567 3.8098739712784604 
3.192611984905248 3.8576191634075805 
3.0859931664830262 3.892388287370456 
2.971451022044545 3.914012529971514 
2.850026613424227 3.922446973315452 
2.7227926705597376 3.9177719224049166 
2.5908413448907655 3.9001928940226867 
2.455271888649724 3.8700392623515465 
2.317178397901938 3.8277615714727147 
2.177637755956172 3.773927539478997 
2.037697911015932 3.7092167932812474 
1.8983666177129839 3.634414387118803 
1.760600766503056 3.5504031711522734 
1.6252964178775344 3.458155089174488 
1.4994802585237283 3.3636030757048156 
1.371291041347016 3.25836670593278 
1.2477701470767923 3.148185547385275 
1.1294928360140162 3.0342809876410057 
1.0169379417083924 2.917908072642753 
0.9104839894941331 2.8003426404206784 
0.810406545558157 2.682868198603943 
0.7168768210045585 2.5667626858773174 
0.6299615410940023 2.453285258983529 
0.549624075458373 2.3436632467728113 
0.4757268107817046 2.239079411161245 
0.408034733355148 2.14065965169387 
0.3462201752149811 2.0494612857532974 
0.2898686644090796 1.9664620303579523 
0.23848580745688452 1.892549804024714 
0.1915051204077622 1.8285134584074862 
0.14829671419329185 1.7750345394630398 
0.10817673032915584 1.7326801668465062 
0.07217307453205084 1.7030953400668107 
0.03595482697856904 1.6836335965043825 
5.904570071317575e-4 1.6762520253398265 
-0.03471421364572628 1.6810198433976917 
-0.07075359894349337 1.6978752316738348 
-0.10831097132567809 1.726625997963495 
-0.14814721648424253 1.766951606169324 
-0.1909898529449174 1.8184065504037867 
-0.23752244627348795 1.880425037509053 
-0.28837454327878637 1.9523269275231392 
-0.34411224572197485 2.033324868078443 
-0.4052295358298355 2.122532545874501 
-0.47214045742916577 2.218973966362236 
-0.5451722468636254 2.3215936617423027 
-0.6245594971305838 2.4292677174357284 
-0.7104394270036126 2.5408154984402884 
-0.8028483144144989 2.6550119495342366 
-0.9017191401973502 2.770600337213383 
-1.0017338178086783 2.880811803416905 
-1.1126313258896723 2.995436967385243 
-1.2291854301439413 3.1076851968085153 
-1.3509220962011264 3.2163031665052784 
-1.477270791017741 3.320070740097135 
-1.6075695159088952 3.4178134560583975 
-1.7410709813926701 3.508414492041395 
-1.8769498590855305 3.5908259804381397 
-2.014311033499882 3.6640795553758028 
-2.1521987650485626 3.727296019881124 
-2.2896066649823137 3.7796940316913457 
-2.4254883734966564 3.820597717030707 
-2.558768823947567 3.849443133490692 
-2.6883559691076027 3.8657835158205427 
-2.8131528397532426 3.8692932518114747 
-2.9320698016647166 3.85977054939666 
-3.0440368743916526 3.837138770436265 
-3.148015973921116 3.8014464212543913 
-3.23870704436816 3.7554675482175672 
-3.324276079082807 3.6948834494263005 
-3.3990925164394374 3.6220929867913596 
-3.4623580826825044 3.5376135590856297 
-3.5133613027378265 3.442068514329907 
-3.5514865567247114 3.3361797315103594 
-3.576222192166358 3.2207591813914163 
-3.5871675966288152 3.096699562786591 
-3.5840391465931636 2.964964120589685 
-3.566674960393692 2.8265757606253983 
-3.5350383959060667 2.6826055838534564 
-3.4892202472031766 2.5341609685739908 
-3.429439608464836 2.382373333967883 
-3.3560433878763787 2.2283857215114886 
-3.2695044689227806 2.073340332499619 
-3.170418531217593 1.918366160072757 
-3.0594995576388477 1.764566852776701 
-2.943616260830877 1.6201599248822631 
-2.8120734607504208 1.4716840851485513 
-2.6714346190252174 1.3273826993981703 
-2.522813480213256 1.188149394405487 
-2.367402342838756 1.0548001672469114 
-2.206461052611696 0.9280652065947512 
-2.0413052323215117 0.808581741377767 
-1.8732938699571235 0.696887993666752 
-1.7038163938407518 0.5934183001452157 
-1.5342793694108947 0.4984994533242922 
-1.3660929566852673 0.4123482999038504 
-1.2006572703255578 0.3350706195200203 
-1.0393487855831625 0.26666129271250527 
-0.8835069332084785 0.2070057524507717 
-0.7344210246599413 0.15588269913931402 
-0.5933176456671887 0.11296804483713899 
-0.46134865142382714 0.07784003863449515 
-0.3395798904566806 0.04998551188223758 
-0.23398094871151215 0.029673935556526622 
-0.13482406059165844 0.014229036356383635 
-0.0484165527788789 0.004083827653352541 
0.02460801950283016 -0.0015560302677824238 
0.0837434554817016 -0.0035317589653700047 
0.1286157188851889 -0.002720444789718103 
0.15898641042942105 -2.3621426541543818e-5 
0.1747548660217322 0.00364441615049817 
0.1759588585903442 0.007368431491687179 
0.1627738963405666 0.01024406391799618 
0.13551112520277395 0.011389506895752598 
0.09461385812059112 0.009956912780786713 
0.04065276846607052 0.005143392230913982 
-0.025680200896858848 -0.0037985188818928264 
-0.10357914770402937 -0.01755104627056578 
-0.1921326613736549 -0.03672213163708341 
-0.2903333247970009 -0.0618372599798868 
-0.3970881654168154 -0.09333225532381861 
-0.5056450487832052 -0.12957106642174956 
-0.6256797175819203 -0.17440971970820304 
-0.7506545097848736 -0.2263379365996904 
-0.879255092732306 -0.28538808181893166 
-1.0101432494201212 -0.35148393249037013 
-1.1419704180640553 -0.4244405617863733 
-1.2733912705284505 -0.5039655119771117 
-1.4030771860981728 -0.5896612473971478 
-1.529729478474828 -0.6810288634022491 
-1.6520922368217814 -0.7774730132005312 
-1.7689646461303987 -0.8783080006586099 
-1.8792126580854882 -0.9827649739609494 
-1.9817798909040072 -1.0900001424852526 
-2.075697645226865 -1.1991039275877549 
-2.160093932965468 -1.3091109473011866 
-2.2342014269317816 -1.4190107253521171 
-2.2973642509950216 -1.527759006513104 
-2.349043543276523 -1.6342895532105584 
-2.387202218163203 -1.7327008276073002 
-2.4153714909955655 -1.8318023538104502 
-2.4311840338831994 -1.9255278344241824 
-2.434592550218853 -2.0128444561304835 
-2.425674860903851 -2.0927583559086558 
-2.4046315373492697 -2.164326480763136 
-2.3717822314118937 -2.2266679826165467 
-2.3275607489728927 -2.2789750192447396 
-2.2725089274600796 -2.3205228383163496 
-2.207269390520228 -2.3506790291531487 
-2.1325772651244965 -2.368911835668611 
-2.0492509575067133 -2.3747974339734266 
-1.9581820943689394 -2.3680260892501384 
-1.860324744632708 -2.3484071185726396 
-1.756684044571873 -2.315872599248549 
-1.6483043553510728 -2.270479775852196 
-1.5362570867477972 -2.2124121332445177 
-1.4216283241029932 -2.1419791173887037 
-1.3110538928784738 -2.063799451155607 
-1.1945126177797927 -1.9705857551732746 
-1.0785627851272501 -1.8666331617358258 
-0.9642282481210411 -1.7527201507842414 
-0.8524880765332993 -1.629730228847934 
-0.744265839882974 -1.4986440285861469 
-0.6404196114329169 -1.360530329600633 
-0.5417328025364473 -1.2165360925285689 
-0.4489059272697344 -1.0678756093483581 
-0.3625493865982817 -0.9158188826466287 
-0.2831773496615118 -0.7616793551954291 
-0.21120279724897253 -0.606801118479432 
-0.14693377932343038 -0.4525457347110665 
-0.09057092466914016 -0.3002788113145894 
-0.04220622655928999 -0.15135646979507297 
-0.0018231139043463306 -0.007111852305003913 
0.030702197178080096 0.1311581909396252 
0.05559809087850148 0.26220609195603173 
0.07251545108762013 0.37921347136706307 
0.08355210206590538 0.4928109002961857 
0.08820142671057243 0.5959082016822079 
0.0870565865159537 0.6875689057314139 
0.08078542688566316 0.7669608764302401 
0.07012150780509263 0.8333647341828903 
0.05585437062499907 0.886181140863507 
0.03881915475765359 0.9249368694100585 
0.01988568538526799 0.9492895930617219 
-5.284078240704712e-5 0.9590313430238219 
-0.02009144015382693 0.9540905975841415 
-0.039325062723593034 0.934532980347619 
-0.05686031225801974 0.9005605601428481 
-0.07182703009784054 0.8525097601213086 
-0.08338960800865147 0.7908478984558687 
-0.09075789855123523 0.7161683976864192 
-0.09319759596191698 0.6291847139979769 
-0.09032632926662265 0.5356586239768462 
-0.08128429507658096 0.4271292317554888 
-0.06556155409804086 0.309026944615156 
-0.0427318901458515 0.1824578128741218 
-0.012464670632994447 0.04860162778157803 
0.025470138586668266 -0.09130001261095928 
0.0711981381668878 -0.23595623083888276 
0.12473788748214187 -0.38403985722024897 
0.18599955775371546 -0.53420073865568 
0.2547848655217747 -0.6850792275862047 
0.3307882914478894 -0.8353197079551274 
0.4135995749122175 -0.9835840148691865 
0.5027074604376194 -1.128564606057453 
0.5975046577910772 -1.2689973461705777 
0.6972939638379793 -1.4036737694128794 
0.8012954810101794 -1.5314526919057387 
0.9086548547427253 -1.6512710524789176 
1.0184524405741462 -1.7621538691928926 
1.124396882214263 -1.8586447399908663 
1.2361040257486748 -1.9496476291347313 
1.3472528725122168 -2.029431595623995 
1.4567699392581945 -2.0974468040842917 
1.5635718401028225 -2.15326464710991 
1.6665776334479254 -2.1965807135249507 
1.764721249092136 -2.2272164123432625 
1.856963856529091 -2.245119241160094 
1.9423060356489814 -2.250361702509535 
2.0197996128143627 -2.2431388864583366 
2.088559028556873 -2.2237647522177655 
2.147772107902592 -2.192667155681088 
2.1967101105296645 -2.1503816833808282 
2.234736945526429 -2.0975443662579423 
2.261317444368502 -2.0348833587040556 
2.276024595774403 -1.9632096794455405 
2.278545657220951 -1.8834071208639918 
2.2686870699814925 -1.7964214421815559 
2.2477224530205504 -1.7078108918125974 
2.21360479884076 -1.6097080673057524 
2.1672604897592906 -1.5074640473773304 
2.108990137512254 -1.4021541013040466 
2.039218654994823 -1.2948557705975474 
1.9584922826688809 -1.186636505713045 
1.867474294176678 -1.0785415190115266 
1.7669394211951843 -0.9715819890274063 
1.657767051612431 -0.8667237468114801 
1.5409332685873822 -0.7648765693955224 
1.417501810818932 -0.6668841983230225 
1.2886140462593458 -0.5735151927927891 
1.1554780624292331 -0.48545471736007123 
1.0193569863067642 -0.4032973534430111 
0.8815566553626529 -0.32754101220817977 
0.7434127686021249 -0.2585820138899116 
0.606277652372198 -0.1967113853715684 
0.47150678013409414 -0.1421124140715984 
0.34658248735511976 -0.09694313418015534 
0.22028223532013785 -0.05665604111289062 
0.10023594216929978 -0.023547965139753043 
-0.012320371706227845 0.002622661329454944 
-0.11621305333409652 0.022198415863857904 
-0.21034282562523351 0.03561785361272972 
-0.29369607760754035 0.04340934916487809 
-0.365355316185907 0.04618388558689558 
-0.424508668017752 0.04462687536578242 
-0.47045833013527155 0.039489108830408515 
-0.5026278790887134 0.03157693539949265 
-0.5205683605087154 0.021741791592996145 
-0.523963093957094 0.010869197054112578 
-0.5126311416144111 -1.3265422049186615e-4 
-0.4865294035895688 -0.010344575719502277 
-0.44575331727690637 -0.01884820855265995 
-0.3905361530702843 -0.024737843570520234 
-0.32124691370952607 -0.027132109140716204 
-0.24263150620343182 -0.025388519591765482 
-0.1474295598401831 -0.01856403564103085 
-0.03999719110371332 -0.005892013316022344 
0.07880676828906225 0.013305430598288022 
0.2080174968120758 0.03963041362821327 
0.34657365347474084 0.07360103723686107 
0.4933278063513483 0.11564409721935283 
0.6470577087188197 0.16608884039451555 
0.8064783033252512 0.22516184139175574 
0.9702543277085004 0.29298306077250696 
1.1370133872641217 0.3695631324753003 
1.305359357988951 0.4548019147782881 
1.4738859775547608 0.5484883247872804 
1.6411904816262792 0.6503014620369519 
1.8058871421506826 0.759813012299371 
1.9666205657100075 0.8764909082875344 
2.122078612927321 0.9997042097818345 
2.2710048043209623 1.1287291519531424 
2.4056778170884248 1.2562734330331036 
2.5384960163499524 1.394241043700573 
2.6615071082229447 1.53541551693288 
2.7737818514773944 1.6787856703594255 
2.8744964059760596 1.8232920642943768 
2.9629393071282384 1.9678382747783225 
3.0385172227049195 2.11130266134744 
3.100759436993176 2.2525504997292436 
3.1493210212221054 2.390446345305194 
3.1839846635662536 2.52386649030559 
3.204661146665375 2.6517113763408373 
3.211388475332534 2.7729178240446077 
3.204329671792976 2.8864709433059104 
3.1837692702435563 2.9914155907811977 
3.1501085565884472 3.0868672460714977 
3.1038596127371822 3.172022184069789 
3.0456382376981757 3.246166828466847 
2.979708405195692 3.3059806168091295 
2.900241878259485 3.3569533921029047 
2.811143598468009 3.3954113950592926 
2.7133512606220838 3.421069611619049 
2.607857893480432 3.4337641566713883 
2.4957001782413872 3.4334549286078286 
2.377946418522113 3.4202269446223927 
2.2556842975598452 3.3942903374673077 
2.130008560191497 3.3559790089905928 
2.002008757471774 3.3057479504696894 
1.872757190565796 3.244169254352019 
1.7432971878160215 3.171926856358857 
1.61463184466565 3.0898100608447328 
1.4877133504731626 2.9987059156785096 
1.363433019236704 2.8995905155759347 
1.2426121329448345 2.793519324628614 
1.1259936967727757 2.681616619609297 
1.0142351947604715 2.5650641653706705 
0.912835550084321 2.4508614406820706 
0.8121077219160383 2.3287983849708427 
0.71762802206076 2.2057923675186712 
0.6296668013936851 2.083130804392892 
0.5483899611516861 1.962095507466292 
0.4738588149366382 1.843949467975185 
0.4060312118601549 1.7299238059856237 
0.3447639024431337 1.6212050256518156 
0.28981611479814856 1.518922712999315 
0.24085429491911106 1.424137808322038 
0.19745795173448122 1.3378315791992463 
0.15912653509250785 1.2608954126798426 
0.1252872631794834 1.1941215364298354 
0.09530380515336984 1.138194768688065 
0.06848571512546289 1.0936853858356885 
0.044098505148153826 1.0610431843749535 
0.021374237662186886 1.0405928012649301 
-4.7748799857559766e-4 1.032530343015315 
-0.021210858678443145 1.03643033452949 
-0.04366933705364595 1.0526226863922885 
-0.06761103896557821 1.0810189578871805 
-0.09380440454828666 1.1213006126737635 
-0.1229846252362431 1.173023927251356 
-0.15584304927244444 1.235624661599302 
-0.19301710611985856 1.3084239883911255 
-0.23508086934665104 1.3906356168853058 
-0.28253637035561496 1.481374034744675 
-0.33580576685812447 1.5796637790233037 
-0.3952244603473213 1.6844496365163828 
-0.4610352461103214 1.7946076637137633 
-0.5333835676549757 1.9089569078418431 
-0.6123139349416878 2.026271703014886 
-0.6977675526449022 2.14529440942888 
-0.7895811909669769 2.264748458882255 
-0.8874873174429735 2.3833515667508567 
-0.9911154938642818 2.4998289689119964 
-1.094699216426377 2.6076357546849898 
-1.2080542109805579 2.7163789957064846 
-1.3254684708096869 2.8194018577348627 
-1.4462024441538963 2.9155845925651174 
-1.5694384122923934 3.0038761371077176 
-1.6942887285238948 3.083304669277616 
-1.8198049692298017 3.152987285104864 
-1.9449878978386255 3.2121386954526376 
-2.068798133008802 3.260078851559694 
-2.190167404040441 3.2962394204360916 
-2.3080102695059326 3.3201690438018203 
-2.42123616943685 3.3315373276295905 
-2.528761677181813 3.3301375232870427 
-2.629522814308494 3.3158878756179693 
-2.7224872906933797 3.288831627898122 
-2.8066665322413087 3.2491356882888915 
-2.881127360503255 3.1970879770299034 
-2.945003191795103 3.1330934879989774 
-2.995273205082161 3.061511136630445 
-3.036287520694325 2.975778356776124 
-3.064645375580459 2.8799222339464423 
-3.079839494255785 2.774748842916054 
-3.081473454896288 2.6611449445836133 
-3.069267645320877 2.540067814093478 
-3.0430640237116613 2.412534364804256 
-3.0028296246416657 2.2796096905760947 
-2.948658764507541 2.1423951549738867 
-2.880773914529123 2.0020161606824773 
-2.7995252239240176 1.8596097356494 
-2.7053886905353353 1.7163120741775295 
-2.5989629909239436 1.5732461713669013 
-2.4809649965701968 1.4315096879489728 
-2.352224017204974 1.2921631796870616 
-2.2136748262461152 1.1562188211630648 
-2.066349536702105 1.0246297479848714 
-1.9113684085704898 0.898280134293327 
-1.7577452317022995 0.7835568138901025 
-1.5913317895155257 0.6696812014154234 
-1.4209823000445663 0.5631701817420354 
-1.2480580401838872 0.4645559962280741 
-1.0739506730158408 0.37426698034415395 
-0.900068946045939 0.29262389828480717 
-0.7278251489898685 0.21983753448485255 
-0.5586214730162586 0.15600756540441937 
-0.39383641471904174 0.10112272054038023 
-0.2348113679116574 0.055062227128383615 
-0.08283754460074552 0.017598518578674272 
0.060856636769487764 -0.011598827498117461 
0.19511756247875084 -0.03295796961597763 
0.3188777069894048 -0.04699856228272696 
0.4311660691922605 -0.0543244691689706 
0.5311176508259075 -0.0556155150636679 
0.6179818765579671 -0.05161837287429883 
0.6911298664124652 -0.0431366916203836 
0.7475826139643175 -0.0316669940703674 
0.7926281579334724 -0.0169124017193526 
0.8228629433721645 -2.747393890235986e-4 
0.8381856252119111 0.017324509214241845 
0.8386334709560248 0.034962835832680124 
0.8243816705346562 0.051728529898044884 
0.7957412501065728 0.06673236307205002 
0.75315561232644 0.07911900130478917 
0.6971957402377769 0.08807801267360543 
0.6285541161904138 0.0928543437846745 
0.5480374208625673 0.0927581434649456 
0.456558090441768 0.08717381977760809 
0.35512482214594043 0.07556822497894869 
0.24483212941283733 0.05749787280357894 
0.1268490581321642 0.032615103310265854 
0.002407184131436708 6.731223221159261e-4 
-0.12721198034358444 -0.03847014487835378 
-0.2542661789752912 -0.08247748320397999 
-0.39017198623478255 -0.13568106489498383 
-0.5273072870876205 -0.1958751342229626 
-0.6643233263538806 -0.26277449321445384 
-0.7998877900479516 -0.33598874866271217 
-0.9326980376589469 -0.41502600658897526 
-1.0614939497772315 -0.4992977850453386 
-1.1850702562923694 -0.588125093481797 
-1.3022882162796787 -0.6807456136712396 
-1.4120865279774422 -0.7763219046643878 
-1.5134913558509906 -0.8739505425694195 
-1.6056253715512994 -0.9726720952504999 
-1.6877157164937049 -1.0714818224333442 
-1.75910080568866 -1.1693409833036352 
-1.8192359052176732 -1.265188626577648 
-1.8676974292254196 -1.357953732295819 
-1.904185916343812 -1.4465675703028078 
-1.92852765992166 -1.5299761375807919 
-1.9403723929548242 -1.6036335414601601 
-1.9409759953477015 -1.6739556377080835 
-1.9296500032985704 -1.7361647209699458 
-1.906707480736521 -1.7893835692581923 
-1.8725756024059579 -1.8328077323105925 
-1.8277895453509168 -1.8657156204487866 
-1.772985256893537 -1.8874777622380778 
-1.7088911842847208 -1.8975651243231462 
-1.6363190623302992 -1.8955563968360778 
-1.556153865341126 -1.881144158877156 
-1.469343038610083 -1.854139850634563 
-1.376885132188304 -1.8144774916045614 
-1.2798179659337143 -1.7622160979579928 
-1.1792064595712568 -1.6975407662232596 
-1.076130264785212 -1.6207624049659823 
-0.9716713381239515 -1.5323161108814167 
-0.8669015937207872 -1.4327582005170512 
-0.7628707735181235 -1.3227619235457848 
-0.6654106486227772 -1.2090156889288017 
-0.5657088128882122 -1.0809968495631808 
-0.46960472407672116 -0.9451502860544423 
-0.3779504582250278 -0.8025454947148826 
-0.2915234855329346 -0.6543300823531144 
-0.2110184304680614 -0.5017189237366103 
-0.13703985066187765 -0.3459825470860753 
-0.07009611228490463 -0.18843486887960825 
-0.010594427085611206 -0.030420406547660168 
0.041162896934904734 0.12669889644918778 
0.08498095301351306 0.28155709421241254 
0.12077345726281825 0.43279776877089016 
0.1485626848693454 0.5790875239138858 
0.16847812578574306 0.7191292993314374 
0.1807538792997457 0.8516753636040887 
0.18572482107920296 0.9755398478223176 
0.1838215901191954 1.0896106863590242 
0.1755644563001336 1.19286083751189 
0.1623438928470808 1.280280744029148 
0.1434867061398117 1.3598155578896591 
0.12026102779117746 1.426088958687731 
0.09346233114888289 1.478501927298712 
0.0639317321389577 1.5165816576043172 
0.032545077492869175 1.539986355666603 
2.0162993100509741e-4 1.5485087076319728 
-0.03218751818129685 1.5420779792630328 
-0.0637111681419931 1.520760724636318 
-0.09346973908515167 1.4847600964290013 
-0.12058685690895245 1.434413765185245 
-0.14422067336745212 1.3701904698398812 
-0.16357478376288773 1.2926852364215393 
-0.17790861618069742 1.2026133160988595 
-0.1865471711414885 1.1008029074180241 
-0.1888899978376809 0.9881867405573248 
-0.18441930169624335 0.8657926135541382 
-0.17270708776789323 0.7347329816098748 
-0.15451517745052618 0.6029422274517016 
-0.12779986309455763 0.45843835413514694 
-0.09315673215598731 0.3089357257542748 
-0.0505612833878687 0.15576503845876127 
-9.750243366471586e-5 2.8019942962541377e-4 
0.05804205788885966 -0.15615516402458451 
0.1235574827348273 -0.31218123369576534 
0.196043976403557 -0.46645542471498735 
0.2749955956941261 -0.6176655628796877 
0.35981019741996234 -0.7645426760764582 
0.449795548278481 -0.9058732652442778 
0.544176532051377 -1.0405109262159575 
0.6421033765979042 -1.1673872010614712 
0.7426608114359551 -1.285521546152934 
0.8448780560140574 -1.394030313982397 
0.9477395291822925 -1.4921346566835052 
1.0501961619769806 -1.5791672711132885 
1.1511771887391853 -1.6545779181125553 
1.2449892745833482 -1.7151987759622234 
1.339978191024543 -1.7667963234025652 
1.4303213954613803 -1.8058650004839016 
1.5149825682591593 -1.83234592530448 
1.5929645587227252 -1.846305185667469 
1.6633212238799349 -1.8479314368344022 
1.7251688001395447 -1.837532197955464 
1.777696678783107 -1.8155288939593524 
1.8201774624336147 -1.782450703277247 
1.8519761871964 -1.7389272846802781 
1.8725586040071476 -1.6856804685867752 
1.8814984227528937 -1.623515009312192 
1.8784834338443817 -1.5533085047704138 
1.8633204339919496 -1.476000598980247 
1.8359388958397622 -1.3925815902895042 
1.7963933347040366 -1.3040805744197688 
1.7448643397909671 -1.2115532561897824 
1.6849269741652535 -1.120667610250239 
1.610998201049949 -1.0233648222621097 
1.5263452617080475 -0.925188427343236 
1.431630878985695 -0.8271782341537388 
1.327629151215221 -0.7303401283911328 
1.2152187616219532 -0.6356347576946668 
1.0953750280449814 -0.54396682256828 
0.9691608731875178 -0.4561750913332503 
0.8377168075301744 -0.3730232487346693 
0.7022500279712414 -0.29519167823394216 
0.5640227450840433 -0.22327026733198738 
0.42433986049170075 -0.15775231360206027 
0.2845361231604689 -0.09902959659849922 
0.14596289932350567 -0.047388667587349706 
0.00997469520004305 -0.00300839526314996 
-0.12208442537627198 0.03404120857223856 
-0.24889438489798696 0.06379887383176816 
-0.3691724543176956 0.08641067245720005 
-0.4765220776000358 0.1015304833587319 
-0.5805531701562279 0.11100577117257093 
-0.6746064667159021 0.11436132396777555 
-0.7576693889953034 0.11212976590909036 
-0.8288255015489188 0.10492633434063729 
-0.8872640204951967 0.09344070629714617 
-0.9322882717779831 0.0784279516662922 
-0.963323008636868 0.06069871826991738 
-0.9799205100753059 0.04110876273197864 
-0.981765395080078 0.0205479483229201 
-0.9686781010188357 -7.116306701229127e-5 
-0.9406169888752864 -0.019824993135358304 
-0.8976790526188587 -0.03779076880295613 
-0.8400992248883115 -0.053058346970554233 
-0.7682482861347376 -0.06474190606141883 
-0.6826293992553242 -0.07199136951257447 
-0.5838733063939388 -0.07400342938382981 
-0.47273223882790655 -0.07003204273587187 
-0.35616077327208845 -0.06006493196095289 
-0.22343340874291448 -0.04252446805291307 
-0.08117503641874292 -0.01722323276231704 
0.06946410016739825 0.016269940955067976 
0.22725876973725598 0.05828862204388752 
0.39092075440650925 0.10906364662871584 
0.5591114530483173 0.1687191642202989 
0.7304549536264127 0.23726991295718944 
0.903551436458606 0.31461975820090343 
1.0769907670842622 0.40056151461893563 
1.2493661356573171 0.4947780574715667 
1.4192875995841467 0.5968447143241916 
1.585395387477329 0.7062329139993672 
1.7463728253818522 0.8223150554199726 
1.9009587506203605 0.9443705452359595 
2.047959284446795 1.0715929399239545 
2.186258841928137 1.2030981155480496 
2.3148302660131876 1.337933376712064 
2.4273832987333654 1.4685191533447608 
2.534379188426009 1.6068973184102748 
2.6292133817771997 1.7454919279757548 
2.7112871326152255 1.8831831215265453 
2.7801242586072497 2.0188377346321094 
2.8353743262763107 2.1513216609914965 
2.876814495754668 2.279512309500825 
2.904350013081372 2.402311017952847 
2.91801335258379 2.5186552851344146 
2.9179620265551534 2.627530684776645 
2.9044750938900865 2.7279823280135385 
2.877948413410015 2.8191257456850347 
2.838888701146217 2.900157067929165 
2.78790646370203 2.9703623859786177 
2.725707891846982 3.0291261898286725 
2.653085809573755 3.0759387853795137 
2.570909783852094 3.1104026056699574 
2.4801155091354055 3.1322373427878327 
2.38653819235185 3.1411440417373537 
2.2818124835633498 3.137976506702562 
2.171506695274954 3.1220678618345734 
2.056704125633026 3.093626802336411 
1.9384952722110484 3.052985709284621 
1.8179655778480184 3.0005979828439697 
1.6961833745239927 2.9370340666640784 
1.5741881592016727 2.8629762022878937 
1.4529793313589683 2.7792119663422796 
1.3335055163015834 2.686626656660256 
1.2166545913411382 2.586194606155184 
1.1032445236323014 2.478969515089833 
0.9940151189767378 2.3660739032285893 
0.8896207703258573 2.2486877931068268 
0.7906242831719758 2.1280367441942714 
0.6974918426328532 2.0053793649706 
0.610589173949498 1.8819944357941376 
0.5301789344763341 1.7591677798623029 
0.4597797179584852 1.643880013911941 
0.3924055973111436 1.5258136951399244 
0.33169094192388693 1.4120157200997059 
0.2774899609358714 1.3036711149097604 
0.22955936894511517 1.201908021702693 
0.18756311773549347 1.1077859673659813 
0.15107823328881098 1.0222848318494868 
0.11960168635688626 0.9462946346572632 
0.09255821319300743 0.8806062494000882 
0.06930899231511402 0.8259031463455666 
0.04916107351286493 0.7827542518707377 
0.03137744682595199 0.7516080017214105 
0.015187632004454804 0.7327876521406083 
-2.0133690528459966e-4 0.72648789938788 
-0.01559366165913899 0.7327728440787149 
-0.03179339739776086 0.7515753222829437 
-0.04959307200617498 0.7826976105910779 
-0.06873724439564512 0.8234945824628149 
-0.09184835138007837 0.877615180412975 
-0.11872506357024251 0.9427363252830597 
-0.1500074942686821 1.0181773051853336 
-0.18627239956398428 1.1031498410264393 
-0.22802448451079826 1.1967663210617254 
-0.27568856323789137 1.2980490654506993 
-0.3296026673282644 1.405940521099622 
-0.3900121861100761 1.5193142771139778 
-0.4570651108399396 1.6369867824150246 
-0.5308084422823027 1.757729639600416 
-0.611185808027589 1.8802823430276046 
-0.698036322194304 2.0033653244377017 
-0.791094706078566 2.125693166266835 
-0.8899926740051125 2.24598784114593 
-0.9942615742562757 2.3629918359858575 
-1.1033362606685806 2.4754810204821833 
-1.2165601564524713 2.5822771228390917 
-1.3275721353454202 2.677668914853121 
-1.4466875209464207 2.77018379321052 
-1.5675449400559756 2.853906366550169 
-1.6891971437799869 2.927949730407609 
-1.8106458981762028 2.9915245258820744 
-1.9308526472641254 3.0439465770036067 
-2.0487497643773738 3.084643378570913 
-2.1632522679041752 3.113159368033726 
-2.273269871795726 3.12915992835891 
-2.3777192369872844 3.132434082749623 
-2.4755362871216513 3.122895856428087 
-2.565688450721931 3.1005842952870593 
-2.6471866922449987 3.0656621459027953 
-2.7190971962606225 3.018413216021284 
-2.780552572321777 2.95923844901984 
-2.8307624528888944 2.8886507598490927 
-2.869023362891118 2.8072686934228916 
-2.894727747085538 2.7158089791975786 
-2.9070723235467915 2.6200722102318514 
-2.9069118232708098 2.5113349607728632 
-2.8930335535718483 2.3951232233081234 
-2.8652777295707748 2.2724505924937284 
-2.823609552876073 2.144378981101111 
-2.7681214299134584 2.0120067140512994 
-2.6990338580696984 1.8764563014277393 
-2.6166949621289137 1.738862026960964 
-2.521578678148161 1.600357490198464 
-2.414281596652832 1.4620632407639962 
-2.2955184916670177 1.3250746417673542 
-2.166116576472374 1.1904500965701248 
-2.0270085409494216 1.0591997687719084 
-1.8792244387464077 0.932274919507942 
-1.7238825051941107 0.8105579790060347 
-1.562178998700944 0.69485346091875 
-1.3953771691907608 0.5858798183198693 
-1.2247954668657324 0.48426232953945475 
-1.0600676269217835 0.3948052974064562 
-0.8860567702670766 0.3089709457640903 
-0.712358689408244 0.2317428655670724 
-0.5403841011769811 0.16333077332175042 
-0.3715337056771426 0.10383333498026723 
-0.20718459082524568 0.05323831620145282 
-0.048676823462087036 0.011424016369384126 
0.10269963158665726 -0.021838033460826665 
0.2457175263750301 -0.046879142709854014 
0.3792243452558798 -0.06412835133463672 
0.5021535936863908 -0.07410619888166974 
0.6135352408377112 -0.0774174461808847 
0.7125052053127774 -0.07474283506732478 
0.7983137833676449 -0.06682998229778392 
0.8703329302185542 -0.05448351353037335 
0.9280623171773074 -0.03855455174900363 
0.9711341003616745 -0.019929681747210843 
0.999316350430572 4.8048184340024477e-4 
1.0122262326163107 0.02073411281537403 
1.0111944810880955 0.04196924098784438 
0.9953946560423699 0.06227412229957227 
0.9651386482594835 0.08075824646947483 
0.9208707714769268 0.0965649559644008 
0.8631629763454057 0.10888245782098843 
0.7927087789090396 0.11695430509007607 
0.7103159685727343 0.12008922657341886 
0.6168981735011243 0.117670190816295 
0.513465373528239 0.10916259889346533 
0.4011134618133251 0.09412151028505579 
0.28101296653440266 0.07219781697521527 
0.15439705275932467 0.043143292700101886 
0.022548932175122178 0.006814456891795448 
-0.11321118548660039 -0.036824793828031346 
-0.2515394607888045 -0.08770181990453503 
-0.3910819709543441 -0.14563515792378234 
-0.5304882908583713 -0.21033572911181023 
-0.6619092562808606 -0.277887289276979 
-0.7972340299632503 -0.3545711289764477 
-0.9285845033806103 -0.4365706822740654 
-1.0547528583900694 -0.523207778700653 
-1.1745977207072407 -0.613720802562342 
-1.2870550783350776 -0.7072728899683427 
-1.391148318008431 -0.8029610615439755 
-1.485997276369607 -0.8998261910118732 
-1.5708262134996747 -0.9968637002086824 
-1.6449706283271863 -1.09303486268996 
-1.7078828481919988 -1.1872785909593846 
-1.75913633831256 -1.278523576615853 
-1.7984286909463234 -1.365700648412572 
-1.8255832684877205 -1.447755210412206 
-1.840549489458858 -1.5236596211353073 
-1.843401761152914 -1.592425374851217 
-1.8343370774267829 -1.6531149479502298 
-1.8136713146461718 -1.7048531766451973 
-1.7835961072089268 -1.7450708739596272 
-1.741618021130159 -1.7770971871489487 
-1.6896117514955902 -1.7980525140243073 
-1.6283033691810338 -1.8074061920405082 
-1.5585023484535674 -1.8047351893161176 
-1.4810915264117854 -1.7897302813798452 
-1.3970163408697454 -1.7622010351568598 
-1.3072734693953616 -1.7220795395386699 
-1.2128989984282308 -1.6694228354590246 
-1.1149562561806372 -1.6044140125185973 
-1.0145234463196384 -1.5273619537083323 
-0.9126812212021951 -1.4386997245162814 
-0.8105003336716159 -1.3389816175038842 
-0.7090295051212321 -1.2288788781425763 
-0.6092836447059617 -1.1091741521484269 
-0.5122325502683709 -0.9807547085839152 
-0.4187902157893804 -0.8446045064543918 
-0.33392947446870086 -0.7087299447735915 
-0.24990901795380535 -0.5606461107859175 
-0.1717781913617698 -0.40820936791114465 
-0.10014135812894742 -0.2526886763840737 
-0.035506776050957284 -0.09539648029957 
0.02171837609404591 0.062324074600762516 
0.07123175871406047 0.21911231197337377 
0.11283838004115052 0.37360344583551336 
0.14645182909372156 0.5244421095695215 
0.17209422324784612 0.6702958496689708 
0.18989487522289356 0.8098684410594236 
0.20008769873696666 0.9419128825143096 
0.2030073863070904 1.0652439339123518 
0.19908440649973225 1.178750061811122 
0.1888388812257814 1.28140466599459 
0.1728734162726692 1.3722764672185284 
0.15186497003553745 1.450538945250077 
0.1265558562183515 1.5154787263765546 
0.09918311560802275 1.5643960452673342 
0.06781857654048375 1.601731443879752 
0.03462936296099444 1.6243621647149453 
5.149481287789594e-4 1.6320809417873705 
-0.033613296234118614 1.6248170737169507 
-0.06684382227206075 1.6026371438978124 
-0.09827663037304887 1.5657443422741157 
-0.1270348594786594 1.514476395982092 
-0.1522761087157799 1.4493021310059127 
-0.17320335875442014 1.3708167016418815 
-0.18907536578811046 1.2797355388120288 
-0.1992164069535841 1.1768870819572028 
-0.20302526328786646 1.0632043722250408 
-0.19998333488389908 0.9397155968055244 
-0.18966179265471958 0.8075336854259493 
-0.17172768194318783 0.6678450700759115 
-0.14594890499911922 0.5218977278822937 
-0.11219802195773523 0.3709886345981668 
-0.07262294332078055 0.22387204516769119 
-0.023348532505837297 0.06713835877139379 
0.03364478517029114 -0.09056862838863927 
0.09805785528582502 -0.24788792126337666 
0.16948658996938995 -0.4034756556729474 
0.24742569097442899 -0.5560182789363538 
0.33127358731764117 -0.7042453457855216 
0.4203385357955372 -0.8469417949615786 
0.5138458194685643 -0.982959577774325 
0.6109459666809692 -1.1112285171774816 
0.7107239015095168 -1.2307662844983749 
0.8122089258334908 -1.3406873907619183 
0.9143854236125905 -1.440211100458692 
1.0162041695557258 -1.528668187504785 
1.1165941172566098 -1.605506465895739 
1.2144745361418328 -1.6702950410282091 
1.308767362287395 -1.722727241701665 
1.3984096253623852 -1.7626222072663975 
1.4785117120087106 -1.7889099582516141 
1.5561259880665717 -1.8042837934305667 
1.6261574845535776 -1.8073163530266805 
1.6877213088684209 -1.7983133749362972 
1.74000561791224 -1.7776945729954472 
1.7822816820948881 -1.745987495078079 
1.8139131159914703 -1.703820259587639 
1.834364169100392 -1.6519132555958962 
1.84320698017469 -1.5910699030087094 
1.8401277097022035 -1.5221665791841446 
1.8249314771758514 -1.4461418272844526 
1.7975460426913268 -1.3639849692139085 
1.7580241859947767 -1.2767242521970612 
1.70654475022933 -1.1854146628208209 
1.643412332141109 -1.0911255456456066 
1.5690556152448185 -0.9949281652544768 
1.4840243572534335 -0.8978833508334717 
1.3889850577840954 -0.8010293610627715 
1.289877248487091 -0.7098838728737451 
1.1776351441746784 -0.6162541515350638 
1.0579741412512162 -0.5256378414087483 
0.9319557628624551 -0.43887396651023547 
0.8007192104829373 -0.3567265649420743 
0.6654704704426901 -0.2798764623755712 
0.5274706480253685 -0.20891406781074523 
0.3880236505676046 -0.1443332694008461 
0.24846334830217423 -0.0865264956219168 
0.1101403476100743 -0.03578099385282673 
-0.0255914841853628 0.00772363534540608 
-0.15738860038941913 0.04391662414873947 
-0.2839313193549991 0.07283593392183343 
-0.4039371883667269 0.09462686706495411 
-0.5161740252948459 0.10953941357610898 
-0.6194724995491189 0.11792436587531506 
-0.7127381185913555 0.12022824927614624 
-0.7949624924460444 0.11698712878595176 
-0.86217087328524 0.10931006953011449 
-0.9203073423511925 0.09709304208682543 
-0.9650235906248473 0.081361876438695 
-0.9957438967843248 0.06292680276842182 
-1.0120200104290313 0.04264323879531458 
-1.0135359775235362 0.021400792120480763 
-1.000111630425968 1.1185556307757513e-4 
-0.9717047050330103 -0.02030007285636081 
-0.928411562207823 -0.0389122105533738 
-0.8704665055385253 -0.054814315338444226 
-0.7982397024406198 -0.06712037835619854 
-0.7122337305043227 -0.07498005014806715 
-0.6130787856350534 -0.07758966797496056 
-0.501526602782993 -0.0742027570057537 
-0.3784431537503721 -0.06413988387264953 
-0.24480019955547777 -0.04679774835031896 
-0.10166578697596937 -0.02165740745134237 
0.04242206349130011 0.009927839986118701 
0.20069353849471847 0.05143538580818084 
0.36484600707901915 0.10171614126694666 
0.5335407810221751 0.16089501483653817 
0.705401755001921 0.22898751242549106 
0.8790288076907328 0.3058982651095413 
1.0530113936995686 0.39142084023696727 
1.2259421833007709 0.48523884174984333 
1.3964306066449748 0.5869282910705829 
1.5631161605239523 0.6959612654936539 
1.7246813386044528 0.8117107568572083 
1.8798640504344055 0.9334566995058884 
2.027469400353489 1.0603931033475742 
2.1663807046578873 1.1916362152986224 
2.2955696338981033 1.3262336207468386 
2.414105376927628 1.4631741859636123 
2.5211627341678198 1.6013987327906998 
2.6160290593861326 1.739811328516713 
2.6944987277513834 1.870782275115753 
2.763962735646991 2.0063195902533617 
2.8198374850346877 2.1387099446149045 
2.8618987365896738 2.2668302785220837 
2.8900503500345183 2.389581349267266 
2.904323438324933 2.5058999657569565 
2.9048741889073604 2.6147709061958637 
2.891980383584518 2.715238385432375 
2.866036662599016 2.8064169432536112 
2.827548592086302 2.887501631014739 
2.77712560690881 2.957777381445648 
2.7154729129220523 3.0166274552196817 
2.6433824438104803 3.06354086779467 
2.56172297764447 3.0981187110412707 
2.471429527141854 3.1200792961347013 
2.3734921251721124 3.1292620569732503 
2.268944133237363 3.1256301668601294 
2.158850205435378 3.1092718351964983 
2.049834189640994 3.082054351048601 
1.9320420978256256 3.041576749862905 
1.811911763920702 2.989355943206714 
1.6905116465264067 2.925961044557437 
1.5688814803285296 2.852073019251412 
1.4480210088330296 2.768478232374438 
1.3288793018098723 2.676060844936403 
1.2123447746000329 2.5757941370423545 
1.0992360181573375 2.4687308486023456 
0.9902935392218415 2.3559926389771304 
0.8861724994552513 2.238758776713356 
0.7874365308334025 2.1182541790747744 
0.6945526922137932 1.9957369283299469 
0.607887618916359 1.8724853976317724 
0.5277049035192019 1.7497851237550581 
0.45416373202969923 1.6289155668953783 
0.38731878530288055 1.5111368991444936 
0.3271214012000351 1.3976769631247317 
0.2758350257750632 1.2947178098063115 
0.22809595573397393 1.1930462230052425 
0.18628662498412726 1.0990093970234796 
0.1499848630279368 1.013587711848587 
0.1186883851599314 0.93767177853137 
0.09182260499711976 0.8720531451979213 
0.06874930391521095 0.817416030217279 
0.048776053683406415 0.7743301715317837 
0.031166280094605186 0.7432448691638547 
0.015149848159942131 0.7244842850783942 
-6.595644303190605e-5 0.7182440510447567 
-0.015285179445274895 0.7245892210539239 
-0.03131181636401866 0.7434535903590356 
-0.048938431469520725 0.7746403884788489 
-0.0689349116204993 0.8178243386951224 
-0.09203748772806465 0.8725550618477388 
-0.11893815359215044 0.9382617877467253 
-0.1502746073757497 1.0142593234361916 
-0.18476876138310558 1.0954813920182405 
-0.22635370834567728 1.1891959195325215 
-0.27385332802591755 1.29058484384453 
-0.3276063056075519 1.3985911260426482 
-0.3878587288095514 1.5120887751139485 
-0.45475932224511906 1.6298945598997294 
-0.5283558447061586 1.7507802984300298 
-0.608592695834522 1.8734855926635947 
-0.6953097649478993 1.9967308719857264 
-0.7882425407093916 2.119230605632771 
-0.8870234860211318 2.2397065425514926 
-0.9911846681454616 2.356900837085172 
-1.1001616197685131 2.469588920301331 
-1.2132983926834384 2.5765919797274934 
-1.3298537521380216 2.676788914704746 
-1.449008446817168 2.7691276404561727 
-1.56987347706054 2.8526356212328987 
-1.6914992723877498 2.926429521464163 
-1.8071260214665295 2.986958400060391 
-1.927317966478248 3.039619348780542 
-2.0452131674370366 3.080557075483505 
-2.159726592715203 3.109314928633986 
-2.269767799768572 3.1255571779552547 
-2.37425318552514 3.1290717207442973 
-2.472118302286261 3.1197714554028373 
-2.5623301012908284 3.0976943118600277 
-2.643898966365836 3.06300194325012 
-2.715890401884427 3.015977097828809 
-2.7774362425618464 2.9570197045048676 
-2.827745257403155 2.886641719370835 
-2.866113026324865 2.805460794084342 
-2.891930975538883 2.714192839732341 
-2.9046944666299157 2.6136435717639555 
-2.904009844281102 2.50469913257266 
-2.8896003586982046 2.3883158982259345 
-2.8629736796616707 2.271487614872894 
-2.821435399163767 2.1435523248317714 
-2.7660768304741143 2.0113040758703224 
-2.6971172232512286 1.8758652603368213 
-2.61490346753106 1.7383701579117277 
-2.5199082895982516 1.5999524774672955 
-2.412727107004342 1.4617329897966402 
-2.2940735691207363 1.3248073882934805 
-2.164773823994157 1.1902345118189221 
-2.025759566237802 1.0590250596648227 
-1.8780599340880566 0.9321309227617156 
-1.722792336436911 0.8104352481480835 
-1.561152302474341 0.6947433452967736 
-1.3944024574118352 0.585774533277266 
-1.2238607374900032 0.48415501702793096 
-1.0508879659874268 0.3904118693363502 
-0.8768749191569444 0.3049681826130806 
-0.7032290168322147 0.22813944132910327 
-0.539483937291689 0.1631678084339864 
-0.37061057780549406 0.1036493910380899 
-0.20622592933530282 0.053032718175067266 
-0.04767039018706947 0.011197136083519018 
0.10376562564933783 -0.02208480500862085 
0.24685430803465544 -0.04714343382362228 
0.38044247192403324 -0.06440685840666631 
0.5034628530912448 -0.07439474489667326 
0.6149445586781851 -0.07771104823550808 
0.7140225617898861 -0.07503578010315325 
0.7999461394365552 -0.0671159101553954 
0.8720861643010465 -0.054755506351431685 
0.9299411729642366 -0.03880522868362894 
0.973142146215897 -0.0201512978659203 
1.0014559507779015 2.9593357960994014e-4 
1.0147874060181592 0.021613675941882623 
1.0131799538837853 0.04287852776930562 
0.9968149251709826 0.06317829580025332 
0.967797658191671 0.08080014715591564 
0.9236551582788254 0.09668389548620362 
0.8660680196449022 0.10908587180885851 
0.7957286922246188 0.11724919587200035 
0.7134439645106007 0.12048207884005475 
0.6201265386768915 0.11816689438749425 
0.5167855523710155 0.10976837947579039 
0.4045161483159648 0.09484086901916215 
0.28448820293086136 0.07303447947210094 
0.15793433403630583 0.044100168157244914 
0.026137315265876766 0.007893607765799344 
-0.10958296902725558 -0.03562217123570894 
-0.24788288986390314 -0.08637540371622582 
-0.38740861901583196 -0.14418549770285607 
-0.5268097102748851 -0.20876423165085073 
-0.6647525731035405 -0.2797182313683707 
-0.7999336965925272 -0.3565527023680697 
-0.9310924846249033 -0.4386763792340405 
-1.0511624763218232 -0.5211840819385971 
-1.1710552311295082 -0.6115936507308128 
-1.2835696818109845 -0.7050479159866492 
-1.387728497617214 -0.8006443737931379 
-1.4826507258872055 -0.8974242850824703 
-1.5675597753840649 -0.9943833648616699 
-1.641790242161463 -1.0904830811029929 
-1.7047935101211136 -1.1846624383868702 
-1.7561420718887317 -1.2758501156360185 
-1.79553252967195 -1.3629768229660255 
-1.822787250215739 -1.4449877398546023 
-1.8378546626800194 -1.5208548955312644 
-1.840808203068882 -1.5895893527277487 
-1.8318439235786075 -1.6502530577050385 
-1.811276799741279 -1.7019702227697397 
-1.7795357823625935 -1.7439381122726747 
-1.7371576548325494 -1.775437109298173 
-1.684779769277018 -1.795839947834386 
-1.6262658803982302 -1.8044720724949783 
-1.5565435662242157 -1.801791857487156 
-1.4792057098515807 -1.7867772797631192 
-1.395197388683877 -1.7592368462573056 
-1.3055150240123299 -1.719101563554461 
-1.2111945535685156 -1.666427379694594 
-1.1132992666605317 -1.6013962927519445 
-1.0129074388681116 -1.524316107608516 
-0.9110999050597482 -1.435618837076358 
-0.8089477097445686 -1.3358577583238553 
-0.707499972483571 -1.2257031502683318 
-0.607772103271931 -1.1059367520463208 
-0.5107344985034743 -0.9774449967088269 
-0.41730184238489065 -0.8412110877537519 
-0.32832313154873294 -0.6983059988556674 
-0.244572532199666 -0.5498784890428575 
-0.16674116951253015 -0.39714423647225633 
-0.09542993829124528 -0.2413742037443336 
-0.034039032271770124 -0.09140126216486787 
0.023180787486084677 0.06648103125308381 
0.07268599920190456 0.22344478972976692 
0.114280506944878 0.37812509770300745 
0.14787679153510128 0.5291663334620584 
0.17349586964412678 0.6752356638073168 
0.19126597220648084 0.815036361547736 
0.20141996127071268 0.9473208043342025 
0.20429151864098416 1.0709030165410511 
0.20031015349470138 1.1846706206221644 
0.18999508945575033 1.2875960705383205 
0.17394810420822027 1.3787470474077832 
0.15284540651254883 1.4572959063925623 
0.12742864630405334 1.522528073901684 
0.09849516329284956 1.5738493053608698 
0.06688758803609011 1.6107917259439146 
0.03348291672380706 1.6330185896519804 
-8.188131730441176e-4 1.640327705822999 
-0.033487188121010834 1.6333581647921862 
-0.06691345836942075 1.611478760808633 
-0.09855724993289784 1.5748829918191942 
-0.1275415451281237 1.523907195322319 
-0.15302368325040364 1.4590188381664055 
-0.17420628581348593 1.3808117576416488 
-0.19034765550954555 1.2900001209164211 
-0.20077152764779435 1.1874111674308356 
-0.20487606010014922 1.0739768118515447 
-0.2021419563343171 0.9507241973376819 
-0.19213962585360336 0.8187653000359824 
-0.17453529718071684 0.6792856957921878 
-0.14909601029977962 0.5335326089259763 
-0.11569342807622104 0.38280237047343607 
-0.07430641946785486 0.22842741946873135 
-0.02502238117540875 0.07176298555436875 
0.031962721397195935 -0.08582640557921281 
0.09311762218250988 -0.2355267180720892 
0.16416810011005895 -0.39101750212981723 
0.24172559751139475 -0.5434800656982556 
0.3251893813777804 -0.6916438265453932 
0.4138684961265875 -0.8342934843051699 
0.5069889529083386 -0.9702806551049304 
0.6037019401820108 -1.0985347377376724 
0.7030929665502769 -1.2180728984362177 
0.8041918361366985 -1.328009071097728 
0.9059833471708678 -1.427561880707591 
1.0074185960330746 -1.5160614096016227 
1.1074267618904718 -1.5929547389526066 
1.204927241315009 -1.6578102113337703 
1.2988419979702506 -1.7103203742455313 
1.388107989643103 -1.7503035789426296 
1.4716895336072544 -1.777704223604945 
1.5485904715549537 -1.7925916446966164 
1.6178659971212166 -1.795157675091712 
1.675945452024502 -1.786429171243058 
1.7278580907648144 -1.7659384410962922 
1.7697619493591215 -1.734365508020033 
1.8010199794606283 -1.6923379641651353 
1.8210957100019514 -1.640575748854268 
1.8295605111575945 -1.5798819162756517 
1.8260997371499235 -1.511132568643637 
1.8105176744293423 -1.435266070035004 
1.7827412346487364 -1.3532716636925362 
1.7428223454320846 -1.2661776218017544 
1.6909390060591503 -1.1750390615286965 
1.6273949896975524 -1.0809255644022129 
1.5526181885513721 -0.9849087379006825 
1.4671576131001716 -0.8880498583414902 
1.3716790713114326 -0.7913877328713602 
1.2669595681615475 -0.6959269155326462 
1.1538804798365279 -0.6026264080674886 
1.033419570450532 -0.5123889703686793 
0.9128056148817549 -0.4300625116523526 
0.7810730924115208 -0.3481475483275531 
0.6453160547414457 -0.2715408776011613 
0.5067955704946181 -0.20083399103921767 
0.36681563297153436 -0.13652190082598323 
0.2267103249428627 -0.07899819001357664 
0.08783059462933857 -0.02855127978030763 
-0.04846921803114208 0.014638047889499461 
-0.18084496275525622 0.050497847874855485 
-0.307976224414382 0.07906492014270602 
-0.4285796892720136 0.10048343326177477 
-0.5414221902416956 0.11500228239858488 
-0.645333292660664 0.12297121521814323 
-0.7392172867900013 0.12483577295412977 
-0.8220644594194788 0.1211311072150657 
-0.8929615245106028 0.11247474570660389 
-0.9511011016685476 0.09955839183574527 
-0.9957901413009037 0.08313885399024533 
-1.0253218827507868 0.06498676692555948 
-1.0422201781806595 0.044109251151414536 
-1.0443531855250867 0.02224511004319095 
-1.0315389467671694 3.0652207226852823e-4 
-1.0037333866218543 -0.02078311083910954 
-0.9610310466386482 -0.04010098294173065 
-0.9036644156526193 -0.05673670981470195 
-0.8320018634650986 -0.06980402270514728 
-0.7465441995244594 -0.07845219717612303 
-0.6479198930274811 -0.08187708416679644 
-0.5368790051133897 -0.07933161602534183 
-0.41428589752193695 -0.07013566595796684 
-0.2811107950820571 -0.053685146581639295 
-0.13842029155175464 -0.029460241792811596 
0.012633100493147418 0.0029673241247812412 
0.17082224494242693 0.04392806544129965 
0.33485740295263766 0.09364963551173405 
0.5033988520377699 0.15225290986213091 
0.6668447892578158 0.216334565886428 
0.8401950523921923 0.29220974672743316 
1.0139320350159984 0.3766805948294639 
1.1866489914253642 0.46943192058078703 
1.3569558179689 0.5700409451907422 
1.5234923619972336 0.6779809283441851 
1.6849413554830606 0.7926260165128025 
1.840040838568671 0.9132572610536874 
1.9875959441144466 1.0390697420103878 
2.126489921530789 1.1691807210188818 
2.2556942866900527 1.3026387350448017 
2.3742779944467687 1.4384335319735932 
2.481415541131271 1.575506739458114 
2.5763939162058898 1.712763150007085 
2.6586183349531605 1.8490824981665401 
2.7276166974620524 1.9833315998847332 
2.7830427331437204 2.1143767198240373 
2.824677804388171 2.2410960295384155 
2.851424480410653 2.3567548221183445 
2.8659897415055893 2.4718986851288816 
2.8668612223055083 2.579592680946463 
2.8543162506473183 2.6788810749862386 
2.828749050038659 2.7688783860082666 
2.7906648167101387 2.8487795793913624 
2.740672671355259 2.9178694445460387 
2.679477569507245 2.975531049967405 
2.6078712655976553 3.021253179346191 
2.526722435765344 3.0546366631509883 
2.4369660733272402 3.0753995320482392 
2.3395922783887544 3.0833809313070963 
2.2356345692800215 3.0785437488040706 
2.126157848287774 3.0609759232495213 
2.012246157462081 3.0308904136509587 
1.8949903620750188 2.9886238256484887 
1.7754758995814093 2.9346337050452793 
1.6605301277243203 2.8728394948554583 
1.5396572579636751 2.7977184646510636 
1.4195843233814296 2.71288579202358 
1.3012612269430581 2.6192257795709493 
1.1855772805457416 2.517711947859327 
1.0733520267993732 2.409397383969581 
0.9653269701121181 2.295404208019239 
0.8621583060096003 2.176912268732707 
0.7644107260890058 2.05514718769637 
0.6725523636392389 1.9313678792009978 
0.5869509318840608 1.8068536784612679 
0.5078710931727091 1.6828912154457676 
0.4354730834048782 1.5607611745024326 
0.36981260168833446 1.4417250813876037 
0.3108419608505614 1.3270122591906277 
0.258412480117155 1.2178070929855205 
0.2122780871908416 1.1152367398577234 
0.1721000832715224 1.0203594162800391 
0.13898461962030992 0.9380483330119234 
0.1091364026449454 0.8609278136406516 
0.08376547453044204 0.7941202736004987 
0.06223400300687201 0.7383121217208696 
0.04384982833728187 0.6940753518319799 
0.027876521346770256 0.6618615736735645 
0.013543964114807334 0.641997300632914 
5.932806649147363e-5 0.634680545078565 
-0.013381680280242177 0.6399787579720484 
-0.027583438670652938 0.6578281349552069 
-0.04333902785131736 0.6880342963837822 
-0.06141898397605325 0.7302743339691496 
-0.08256031745892627 0.7841002019616391 
-0.1074559280507974 0.8489434163213482 
-0.1367445414499323 0.9241210112340533 
-0.17100128687768462 1.0088426887944637 
-0.21072902782256062 1.1022190848447957 
-0.25635054965984894 1.2032710619623401 
-0.3055873771195887 1.3056791936874235 
-0.36359891824839413 1.4186027767166758 
-0.42822409056963845 1.535889545304406 
-0.49951231465535845 1.656312872424113 
-0.5774097044904497 1.778613792251954 
-0.6617579052930322 1.9015140405204098 
-0.7522941920488507 2.0237292650332264 
-0.8486528332665304 2.1439822648585087 
-0.9503677100830505 2.261016116586191 
-1.0568761665595223 2.3736070474468245 
-1.1675240529662914 2.4805769180259523 
-1.2815719102198462 2.580805181739019 
-1.3982022305541415 2.673240194106537 
-1.5165277171322091 2.75690975212331 
-1.6356004537672528 2.830930752567483 
-1.754421885358424 2.8945178678533217 
-1.8719535001686227 2.946991148884285 
-1.9871280967916176 2.9877824761944356 
-2.0936349847277196 3.0153565817084127 
-2.2010785110996487 3.032151002141421 
-2.302961233866457 3.036283028513892 
-2.398219888169461 3.027665348178474 
-2.4858225342213722 3.0063356576150055 
-2.564780592926976 2.972455364788356 
-2.634160536965463 2.9263069715195886 
-2.69309510482886 2.868290169122399 
-2.7407939100819054 2.7989166945680544 
-2.77655332430469 2.718804007915311 
-2.7997655197340676 2.628667864528985 
-2.80992656645153 2.529313867572714 
-2.8066434889793115 2.42162809726477 
-2.789640198232766 2.306566923313387 
-2.758762226816494 2.1851461156881773 
-2.713980208511962 2.0584293763435144 
-2.655392056345577 1.9275164206061872 
-2.583223807700123 1.7935307416070958 
-2.5021888572949473 1.6641069230690386 
-2.4046414538854104 1.5273919995978142 
-2.294917629504199 1.3909404048981375 
-2.173731921010677 1.2558483413753458 
-2.0419114399880245 1.1231752132143789 
-1.9003889300742822 0.993932335617893 
-1.7501946727725404 0.8690722592449709 
-1.5924473224421725 0.7494788269365764 
-1.4283437630063842 0.6359580714047386 
-1.25914808975608 0.5292300529542354 
-1.0861798293727465 0.429921725610753 
-0.9108015198193056 0.33856090836188985 
-0.7344057789673113 0.25557142571039915 
-0.5584019966592007 0.1812694685302566 
-0.38420278928083046 0.11586121245274132 
-0.21321035879285316 0.059441716844599125 
-0.04680289950625605 0.011995113030724765 
0.11367880432640932 -0.026603924079691005 
0.2598280963659647 -0.0553504634791606 
0.40507928423279294 -0.07743853037300992 
0.5407880356060812 -0.09165558472160618 
0.6658841933374084 -0.09852120458327795 
0.7793938859713221 -0.09863938176528649 
0.8804490326952275 -0.0926902981497068 
0.9682957924944777 -0.08142123439304072 
1.0423018678869307 -0.06563671670559913 
1.101962585756969 -0.046188015952536375 
1.1469056907981323 -0.023962120574317534 
1.1768948007664886 1.2968928017722297e-4 
