-0.0 0.0 
0.15506902477717788 0.024547862527213905 
0.29864719605974543 0.0969837733110647 
0.4197151443708236 0.21372926235258172 
0.5081802256604843 0.3689672861483241 
0.5552997912962518 0.5548577671677123 
0.5540577699721553 0.7618293690410486 
0.4989557335681351 0.9803280960675791 
0.3880004512721062 1.195618940052658 
0.22080266215772942 1.396653924343486 
-3.1997060300512444e-4 1.5709999674152808 
-0.27053045663161923 1.706691908938074 
-0.5825766456125384 1.7927156640100077 
-0.9269845105869808 1.8194679763963464 
-1.292335426491895 1.7791768167987159 
-1.665619535282571 1.6662675546517347 
-2.032654722400448 1.4776615916721794 
-2.378558464304139 1.2129961384469181 
-2.6882579150045487 0.8747561845539563 
-2.9484767453162575 0.4655210868792596 
-3.141999739322249 -0.0012798823854739611 

-0.0 -0.0 
0.15127007824485508 0.04202812662724123 
0.28567646925700907 0.1303263400577533 
0.3926783924527947 0.2600859090775372 
0.46291042231357926 0.42437947748856053 
0.4885784926321517 0.6144233528580229 
0.46380084366957525 0.8199102252145598 
0.38420153534572526 1.030722649522163 
0.2494764297119227 1.231994525563402 
0.060495535621099855 1.4127053090329618 
-0.1790242243650503 1.560766262798659 
-0.46291618089515685 1.6648401152859822 
-0.7827223693091074 1.7148092292098085 
-1.1279378567555864 1.702210383970681 
-1.4863340425892297 1.6206209038021067 
-1.8443513830392813 1.4659822563322826 
-2.1875496186482337 1.2368490877839413 
-2.5011015593548667 0.9345538988162497 
-2.770314872103533 0.5632801340381047 
-2.9822928140999743 0.12710063323073564 
-3.121459535977772 -0.35868421383360555 

-0.0 -0.0 
0.14550735392969 0.058962784469357696 
0.2689971101198618 0.1619770191945849 
0.3605439165707918 0.30306613836552887 
0.41163114760701724 0.474282403552704 
0.4155145014796366 0.6660125367139339 
0.3675228866183529 0.8673470630674397 
0.26445965913702846 1.0677364322196405 
0.107713722248384 1.2523764426239412 
-0.10059693981064641 1.4104170502729798 
-0.35540439792248524 1.530270797583668 
-0.6492923590415258 1.6013754814191112 
-0.9727068448803537 1.6146412585843668 
-1.3142483910130498 1.5628548130647357 
-1.6610371720669688 1.44102620136199 
-1.9991399876127347 1.2466656768868527 
-2.3140458957519683 0.9799798938516391 
-2.5911755254682576 0.6439793445556288 
-2.816407791499645 0.24449161944756587 
-2.9773929620736292 -0.2129698321228123 
-3.0603967589827934 -0.7114321314135408 

-0.0 -0.0 
0.13778046221678852 0.07526980956085987 
0.24863399964021196 0.19177365362038412 
0.32338661049594397 0.34243554160154666 
0.354489899923026 0.5183829770088549 
0.3363472055602051 0.7092922932838346 
0.26557011550781773 0.9037900827897838 
0.14019362637377 1.0910296728889513 
-0.03670379953271976 1.256464019023172 
-0.2617731610986513 1.3895577757432107 
-0.5286503815867875 1.479381551205822 
-0.8287561763345774 1.5162939029710865 
-1.1515566437372142 1.4923613155883808 
-1.4848999111649903 1.4017261693434289 
-1.8154186477781504 1.2409093976996675 
-2.128985994765288 1.0090364879890399 
-2.4112105710155727 0.70797781195653 
-2.6479547494244953 0.3423969114934553 
-2.825859414249279 -0.08029676767294791 
-2.93328905641395 -0.5532091028916257 
-2.958547697209088 -1.0579033620037337 

-0.0 -0.0 
0.12832394951962067 0.09045420929777587 
0.22520525111737258 0.21881177954845382 
0.2823343679787892 0.37699907779465147 
0.29322117680647297 0.5553425442663538 
0.2534796934652274 0.7429488845141194 
0.16103726204844282 0.9281330724804182 
0.015175478050404258 1.0998953154123086 
-0.17939240501440154 1.244133178169905 
-0.4181406946429154 1.3507606595853834 
-0.6935033694077318 1.409643244448794 
-0.9958600872077733 1.4121779939889043 
-1.3138428585738335 1.3516811543313527 
-1.6347123650646944 1.2237154422105625 
-1.9447922876485775 1.026344950736648 
-2.2299479858239994 0.7603078195832835 
-2.4760942532807615 0.4290993461542293 
-2.669715722750398 0.03896100228845755 
-2.7983828404837987 -0.40122621809376546 
-2.851319851859175 -0.8832893650405692 
-2.8190039343156346 -1.3875809231583476 

-0.0 -0.0 
0.11720154410925346 0.10446433869223849 
0.1988529034673624 0.24300930595884565 
0.23761688005684184 0.4066684378115081 
0.22814587647945966 0.585092692695285 
0.1673215253713617 0.7669605642713325 
0.05441383389584565 0.940427102268302 
-0.11003967728839462 1.0944821923733004 
-0.3197521505955302 1.215651085710671 
-0.5690799543621808 1.2944280611695413 
-0.849353344042124 1.3216050457547677 
-1.1500358107172235 1.289729287125007 
-1.4590728555136327 1.193453561016638 
-1.7633030951370643 1.0298185251198622 
-2.0489187673995697 0.798456564001967 
-2.3019609450433363 0.5017088871997292 
-2.50883344974126 0.1446503420644701 
-2.656818629632018 -0.2649806959766046 
-2.734577852574618 -0.7169469772642817 
-2.7323350085090343 -1.2019028252217128 
-2.64286405565239 -1.6992450039180924 

-0.0 -0.0 
0.10455763629003566 0.11711831920515518 
0.16991906106033358 0.26405210222297915 
0.18981466609192496 0.43105845605487314 
0.16010880202847008 0.6072472079087793 
0.07899120070874124 0.781015614575401 
-0.05291599091710758 0.9405125719017585 
-0.2338263050823061 1.074860576564029 
-0.4559608956837584 1.1713874942166935 
-0.7126314571370206 1.2212912864254646 
-0.9941770718062474 1.2164098609822083 
-1.2892818481925075 1.1505374030953153 
-1.5853612686950902 1.0197326354106229 
-1.8690027453420586 0.8225525745530478 
-2.126446324211189 0.5602026689053896 
-2.344090005124804 0.23659680444586345 
-2.5090031423936185 -0.14167650284696906 
-2.609430899247836 -0.5654824330168271 
-2.63527276249952 -1.023360379938635 
-2.5778791794408398 -1.5049132653430302 
-2.4324146970458513 -1.9888496025580567 

-0.0 -0.0 
0.09042807127172062 0.12834236995659937 
0.13849760471943212 0.28180563068714565 
0.13909836894568042 0.44999182632204704 
0.08937164271404859 0.6216081639413952 
-0.011149508565488266 0.7849208166807325 
-0.16048717240220747 0.9282283487883485 
-0.35561852354985396 1.040930096456156 
-0.5873620114106014 1.1113302243490422 
-0.8480635033395153 1.1314522943118317 
-1.127189321094211 1.0942966848214297 
-1.4127862203836625 0.9949970329071564 
-1.691900558535783 0.8310821259215638 
-1.9510427630513958 0.6026575617585609 
-2.1766820886817166 0.3124997356994049 
-2.3557554848487503 -0.03394253386282597 
-2.4761737259569134 -0.42864050074702054 
-2.5273078088076817 -0.8611708538610178 
-2.500439002881099 -1.3189896864156958 
-2.3881679179309323 -1.7907760875568541 
-2.188134167728 -2.2548243532526633 

-0.0 -0.0 
0.07524174581151331 0.1377957898022854 
0.10554231898889568 0.29573099077108267 
0.08700745960361059 0.4628938344516224 
0.018081594023424654 0.627739640263041 
-0.10036442070406475 0.778557629887947 
-0.2650344344629949 0.9039473151400365 
-0.4717193832459688 0.9937206969113822 
-0.7099668744635009 1.0373022882287146 
-0.9712651125281169 1.0276381080836505 
-1.2443525633399057 0.9589722092476954 
-1.5168000061692848 0.8278295363689664 
-1.7754567715581369 0.6332284361337213 
-2.006932859462063 0.37680830353301414 
-2.198101176184543 0.06286667842449982 
-2.3366032836877793 -0.30169702461159054 
-2.411341722987386 -0.7075309851732461 
-2.4129421687509263 -1.1430704660096753 
-2.3341693934336996 -1.594861198586684 
-2.1689598262265446 -2.050814051106369 
-1.9174374961683591 -2.4890957089448396 

-0.0 -0.0 
0.05907863716667812 0.14546035415372807 
0.07121689011052161 0.30581719141177444 
0.033787025387265565 0.4697865865640272 
-0.05344318868091545 0.6257218436203231 
-0.18827640881527707 0.7620872613314191 
-0.3661410376695964 0.8679312994322944 
-0.5816964142556524 0.9336108834209874 
-0.8233549962361549 0.9498081649327726 
-1.0818578246277308 0.9104831944038032 
-1.3453617059364005 0.8111984222124068 
-1.601122798285235 0.649915213555783 
-1.835964126519222 0.4271542182099003 
-2.0367690911111316 0.14606734574960284 
-2.190984664946925 -0.18758250975880045 
-2.2871174589241616 -0.5655349052748957 
-2.315205847121209 -0.9772363508669564 
-2.2672518789203653 -1.4101308157515293 
-2.137597756980035 -1.85002833204087 
-1.9215944467885802 -2.284228487273392 
-1.6218487825164993 -2.6910537948264337 

-0.0 -0.0 
0.04214857370530133 0.15123656216209352 
0.03596692844823653 0.3119332942441371 
-0.019872029675803846 0.47058060142398983 
-0.12427417557452046 0.6155809689108925 
-0.2737442054977898 0.7357235282063391 
-0.4624944230322924 0.8206478591113407 
-0.6841219023037122 0.8613809974618377 
-0.9260543799069907 0.8499836971701743 
-1.1784059326334728 0.7815084503281042 
-1.4289054551209326 0.6528937128856733 
-1.6646599240264683 0.46356373600637973 
-1.8726371210860593 0.21553471351621298 
-2.040164126085273 -0.08656984830016055 
-2.1554249410297555 -0.4355965146633702 
-2.207940432141623 -0.8220310505779337 
-2.1890141277066215 -1.2342553012650253 
-2.092128280668265 -1.6588849439391662 
-1.9132759730251832 -2.0811785245491405 
-1.6492830600104966 -2.487989225853362 
-1.305205339183861 -2.858076804875254 

-0.0 -0.0 
0.02451627861298693 0.15507402130263598 
-6.395338596028586e-5 0.3139999934872044 
-0.07373833626938221 0.46519206545707925 
-0.19408919546136544 0.5972548737391432 
-0.35635790441272286 0.6994526745696044 
-0.5536061717850682 0.7621575995563394 
-0.7784437464876041 0.7771906674390416 
-1.01747040542982 0.7381076981541903 
-1.260297813909835 0.6411282401002866 
-1.4943846178219398 0.48461904008940343 
-1.706856889750919 0.26948758396226485 
-1.8849998436099424 -7.678479620045884e-4 
-2.0167547985908953 -0.32010011302809016 
-2.0912046368662915 -0.6800471797963148 
-2.0990311685553826 -1.0699552109471804 
-2.0329285088014055 -1.4772849007901263 
-1.8879577683889945 -1.8879924429879602 
-1.6618300289088987 -2.286973973401676 
-1.352900665246428 -2.6608052897526666 
-0.9686293278701346 -2.988966581477593 

-0.0 -0.0 
0.00671697248409666 0.15685624718399932 
-0.035782053755968046 0.3119545553906931 
-0.12617680625093686 0.453784545312325 
-0.2607690439926363 0.5712998386969548 
-0.4336098029153458 0.6543756862962705 
-0.6367106267026168 0.6942359669766187 
-0.8617988485412716 0.6835954539440257 
-1.0948281793912589 0.6175761148318651 
-1.3250476762703407 0.49360374351352926 
-1.5398116027363242 0.3114823078099182 
-1.7264328250468195 0.07357785401095775 
-1.8726770290636856 -0.21518769671430585 
-1.967251688510512 -0.5474347395375437 
-2.0002731316601197 -0.9135143122899696 
-1.9636955611579807 -1.3017817570885075 
-1.851686900999977 -1.6989480923986764 
-1.660937848553555 -2.0904988551162345 
-1.3908924561283642 -2.461167847889535 
-1.0414438202702487 -2.797430923047236 
-0.6223373659742542 -3.079750022796043 

-0.0 -0.0 
-0.011169532920984113 0.15660217602040866 
-0.07103563395777243 0.30585934464753134 
-0.17697725758597144 0.4364860253173619 
-0.32406360667631945 0.5379282283241286 
-0.5052326086901294 0.6008036377354641 
-0.7115493479250043 0.6173018106789425 
-0.9339661370386786 0.5811258511415993 
-1.157972969002692 0.4890272007353884 
-1.3725958605590298 0.3396713169760084 
-1.56524885901236 0.13430193356949377 
-1.7235963277933775 -0.1232870585957185 
-1.8360432497398362 -0.42681399354376975 
-1.8922098519087962 -0.7676626057971631 
-1.8833742178220028 -1.1351222646232249 
-1.8028673926406855 -1.51670866172544 
-1.6464068208241383 -1.8985556563724313 
-1.4123557474624717 -2.2658665544576366 
-1.1018984128590248 -2.603411010143954 
-0.7164670230334865 -2.8977404999249905 
-0.2679662630683809 -3.130552360504 

0.0 -0.0 
-0.02891103621560485 0.15431510614628752 
-0.1053670344306115 0.2957934888656245 
-0.225480202298757 0.4135210736725658 
-0.38315119783990725 0.4975732705781575 
-0.5702965193838437 0.5394319975480442 
-0.7771507843051823 0.5323538846048181 
-0.9940087411892263 0.4711121123887708 
-1.206085032935366 0.35412976905266935 
-1.4023250995079537 0.18132930069353773 
-1.5703661619333629 -0.044621939163141555 
-1.6983842212034321 -0.31855146706177845 
-1.7755740828495155 -0.6328994203766523 
-1.792603476762723 -0.977924728748689 
-1.7420254690353636 -1.341994137555049 
-1.6186345232588368 -1.7119457585200057 
-1.419753200198212 -2.073516301003427 
-1.145438540906268 -2.41181892956468 
-0.7985995999536232 -2.711856869186483 
-0.38218910003347273 -2.9604318083373586 
0.08988355948959151 -3.1407140821369715 

0.0 -0.0 
-0.04642721998510447 0.14997837592284669 
-0.13861238573776435 0.2817491908064426 
-0.2714410307146187 0.38491657127822565 
-0.4377152865699562 0.45032136070031276 
-0.6284276232006787 0.47042929585469684 
-0.8331033810663756 0.43966209349428026 
-1.0415016538188717 0.35394110398843914 
-1.2387537994178386 0.21339640209682306 
-1.4138693765274373 0.019219420332451425 
-1.5548733349794617 -0.22452151827797281 
-1.6506133011767685 -0.5113313309179583 
-1.6912229204917157 -0.8324602292022558 
-1.6685493200374348 -1.1771606375523322 
-1.5765296319541036 -1.5330216304966666 
-1.4115029866165059 -1.8863709388062262 
-1.1724462952198973 -2.2227322566663616 
-0.8611244371160733 -2.527323624667313 
-0.48214808221258987 -2.7855811291037136 
-0.039964912373017684 -2.98473245128923 
0.44967639930912034 -3.1096551474246117 

0.0 -0.0 
-0.06318638814346708 0.14372362489647664 
-0.16976253980218137 0.26415275898599433 
-0.31346462201840986 0.3515407952753925 
-0.4860996038528177 0.3976068097180099 
-0.6778613759464232 0.3958900794412788 
-0.8777087216418349 0.34204005606632654 
-1.0750032483672307 0.2331695005782321 
-1.2549876223528622 0.07109899957882262 
-1.4068782701450917 -0.14173754969504113 
-1.5192406561267913 -0.39993603084923074 
-1.5817336330665366 -0.6957749018368911 
-1.5855502052529458 -1.0194388390788047 
-1.5238129913230571 -1.3593226134641754 
-1.3919102602235787 -1.7024061875722634 
-1.187760169782272 -2.03468960263692 
-0.9119929986662991 -2.341674138385538 
-0.5680436661793126 -2.6088745453381934 
-0.1621496068472385 -2.822345922278006 
0.299817474629912 -2.9699047934077853 
0.8004909023312393 -3.038318336725913 

0.0 -0.0 
-0.0791252749437851 0.1356030636271556 
-0.19870884821588894 0.24312711416194369 
-0.3514188370941382 0.31360134077424406 
-0.5281734094114146 0.3397305543967488 
-0.7184951787921234 0.316211445163635 
-0.910919707779418 0.23997767808498272 
-1.0945492244606978 0.10937090670048007 
-1.2549292820318494 -0.0721214052762904 
-1.3816231665325571 -0.30085449257165797 
-1.463885299254061 -0.5701586012925249 
-1.4923200073948983 -0.8711859706910406 
-1.459293985974357 -1.1931831638516668 
-1.3592946268466377 -1.5238379564198612 
-1.1892212049412765 -1.8496902242586508 
-0.9485979318713337 -2.1565940655694638 
-0.639700271541444 -2.4302165670141007 
-0.26758859132025486 -2.656557235557939 
0.1599538835952373 -2.8224712142239468 
0.6357076517363606 -2.9165220351514303 
1.1409134873507714 -2.9275382857242196 

0.0 -0.0 
-0.09403696285058262 0.12572211268443648 
-0.22507553198797445 0.21894520981362045 
-0.38481095692429745 0.2715907351715196 
-0.5633905039870813 0.2774439403144038 
-0.7498015264955891 0.23242777558821262 
-0.9323051967344397 0.13479992634255306 
-1.0998858375779395 -0.01584753278824691 
-1.2385795358248468 -0.21440553499363502 
-1.3384319257131316 -0.4560657630559847 
-1.3895258838083504 -0.7329794118709084 
-1.3835331857190278 -1.0352873630128776 
-1.314093312236948 -1.3514376666106827 
-1.1771299927344119 -1.66857093951833 
-0.9710937615240225 -1.9729617092911673 
-0.6971210606563543 -2.250501772225332 
-0.3591029993571369 -2.48721009081515 
0.03634030028216563 -2.6697526819118287 
0.4799808636892804 -2.7859553784100872 
0.9633451156998861 -2.825277187827271 
1.4665248117125442 -2.7787531334451945 

0.0 -0.0 
-0.10784202451691256 0.114101260939981 
-0.24871209731937008 0.19167235754537007 
-0.4134333350148918 0.22564103682279119 
-0.5915049615588912 0.2109641686429586 
-0.7715192432310085 0.1448552978812028 
-0.941614964968549 0.026930609857153138 
-1.0908024024843366 -0.14195111388925252 
-1.2057961257329337 -0.3551122402388388 
-1.2772592581626534 -0.6066339814400346 
-1.2962408054718941 -0.8875814183665492 
-1.2555988541773768 -1.1872049180274054 
-1.1503404456643402 -1.4932989851562772 
-0.9778918055825639 -1.7926214370509108 
-0.7382886553093743 -2.071359664916133 
-0.4342788001046896 -2.3156290557383388 
-0.07133192533263041 -2.5119874116779206 
0.3424455438401989 -2.6479484605074908 
0.7964896402446359 -2.7124773276440433 
1.2811732145281824 -2.696074960822774 
1.77569081894898 -2.592120004070086 

0.0 -0.0 
-0.120121413342683 0.1010932542584138 
-0.26890106662255236 0.16213641284194508 
-0.43641715161594075 0.1771470286948922 
-0.6116633800817355 0.14230920373252912 
-0.7829890972195096 0.05615223624556196 
-0.9385664185447946 -0.08035594551741287 
-1.0675746428734971 -0.26511201763316045 
-1.1575741778099073 -0.4899704306054772 
-1.1999620334102246 -0.7479887154055191 
-1.1868616919375663 -1.029271744589881 
-1.1124004033670576 -1.3223272448939436 
-0.9730060327955447 -1.614460981301027 
-0.7676278532932708 -1.8922239505006706 
-0.4978725833249294 -2.1418972642900873 
-0.1680496119071882 -2.3499990059440115 
0.2148777856273911 -2.503796424880399 
0.6414354487635657 -2.5918064289351324 
1.0998727279837686 -2.6042674559725123 
1.5795444154939993 -2.5328372311464706 
2.059026910328994 -2.3733040644934302 

0.0 -0.0 
-0.1308413942174365 0.08677286188225769 
-0.2855991807179967 0.13049562434506776 
-0.45373543068082556 0.12635330998785002 
-0.6238812265475041 0.07180679049770916 
-0.7842942404392457 -0.0332797898705322 
-0.9233334672351201 -0.1865993255174605 
-1.0304877024548893 -0.38483125534348667 
-1.0943246812880403 -0.6184678584403792 
-1.1070869838241832 -0.8796331111588925 
-1.0620748213043039 -1.1576001356044456 
-0.9547608468000464 -1.440283210142248 
-0.7830401223302285 -1.7146641556937792 
-0.5473986088505094 -1.9672617423791188 
-0.25099316360401464 -2.1846289002537818 
0.1003611848285472 -2.353861430199282 
0.4982979679090528 -2.463101324586081 
0.9320982826757656 -2.502017744028385 
1.3889773433889818 -2.462249162768075 
1.8574100791708192 -2.336718382217817 
2.3156328555512657 -2.1236780542943627 

0.0 -0.0 
-0.1398628010845505 0.07132599016335811 
-0.2985896658335438 0.09716075060132377 
-0.46516334749827976 0.07391928127487866 
-0.6279998897111841 3.7218643260245705e-4 
-0.7754177296104348 -0.1222797800365978 
-0.8961138641688701 -0.2904202858691795 
-0.9800230413458916 -0.49955464008569594 
-1.0168687367940177 -0.7389363789467523 
-0.9998398069296024 -0.9998581701816389 
-0.9235001681697488 -1.2709006410378607 
-0.7847266503899941 -1.5395415175199725 
-0.5829088386916588 -1.7926076775957258 
-0.320063073204015 -2.0167606772176017 
-8.553678443632151e-4 -2.1989998336393413 
0.36746909954483253 -2.3271661867773235 
0.7752492801407413 -2.390430411796433 
1.2106606805983624 -2.379748036337694 
1.6600503501676467 -2.288266119774593 
2.111162972566662 -2.1102644154852954 
2.542177413830965 -1.846482601219872 

0.0 -0.0 
-0.14712339828461352 0.054806073360413085 
-0.30776629106251163 0.062256807544439415 
-0.47057283599366434 0.020055074791181193 
-0.6238945221495993 -0.07169117959500482 
-0.7562647284430715 -0.2104487123099768 
-0.8568700727711835 -0.39132809557851395 
-0.9162275371592413 -0.6087093724850235 
-0.9253615970456169 -0.8507378648638987 
-0.8785052354619078 -1.107982198081728 
-0.7715686105366504 -1.368474654217075 
-0.6028860708298124 -1.619417298166038 
-0.3733628054937839 -1.8476539761204778 
-0.08653237857916454 -2.040165715685231 
0.251478230733072 -2.184573116072649 
0.6320765001588868 -2.2696288899172243 
1.044422565024306 -2.285683815768937 
1.4757322120617873 -2.2251099834127803 
1.9116563189630817 -2.0826663482585297 
2.3393641390969466 -1.8540767041056314 
2.7372635473675815 -1.5425797458324946 

0.0 -0.0 
-0.15240279356984987 0.03771456631204619 
-0.3128505039655513 0.026843289077543634 
-0.46979969351312545 -0.03360428506862466 
-0.6116897404968791 -0.14219585567399862 
-0.7274166178983376 -0.29511025737060387 
-0.806793321140667 -0.48625974228061747 
-0.8410376744812974 -0.7089821084506235 
-0.8225809211886309 -0.9504786310572495 
-0.7467663271919448 -1.2007231373519265 
-0.6108919642890422 -1.4473603587106687 
-0.41475879926360626 -1.6774859577455221 
-0.16076270079054678 -1.878132144987282 
0.14610475307806434 -2.0367664080910206 
0.49834815626873924 -2.1417866642463594 
0.8861513449264155 -2.182996059063118 
1.2976471853983653 -2.152041073545693 
1.7192667468331075 -2.042797555616783 
2.1361578607990572 -1.851690739228988 
2.5350866323066055 -1.5759317138443385 
2.894969502027772 -1.221194326194269 

0.0 -0.0 
-0.15570370623956772 0.020133451349989694 
-0.313873313078979 -0.00891870712745159 
-0.4629276436266299 -0.08682739640399169 
-0.5915440445779818 -0.21085455490532498 
-0.6891252347006551 -0.37594070130642554 
-0.7462428339387507 -0.5748787983523675 
-0.7549295183850985 -0.8000508873008289 
-0.7091215562190138 -1.0378803488386914 
-0.6053329496698369 -1.2778763711893317 
-0.4422847604512817 -1.5074565302762637 
-0.22124715740631185 -1.7137776096505717 
0.053924414270490134 -1.8842285311356435 
0.37684516284956815 -2.006925938652665 
0.7387485602125894 -2.071195684811994 
1.1287222336995175 -2.0680237230632463 
1.5340258389941948 -1.9904606816760178 
1.9404818785910616 -1.833965670033031 
2.3329279477673297 -1.5966766079974104 
2.6978988046922985 -1.2773280861391356 
3.0150931611272616 -0.8839554455534601 

0.0 -0.0 
-0.15698328407183987 0.002290965303103989 
-0.31082144036502046 -0.044564921288094354 
-0.4500458988145722 -0.13892332043319383 
-0.5637189644358901 -0.27677595476364586 
-0.6418876749609693 -0.4518907088369943 
-0.6760046734382056 -0.6560348172846506 
-0.6590209190484536 -0.8807334603933995 
-0.5864564238326346 -1.1118083751013197 
-0.45604118130416765 -1.3384403016028392 
-0.26793584618181066 -1.5479830045355267 
-0.02486330012298666 -1.7278211181447558 
0.2679114862831886 -1.8658639916986266 
0.6026933945580883 -1.9510316942981853 
0.9695585810054261 -1.9737165850239855 
1.3566401278337783 -1.926204444899645 
1.7504898743398347 -1.803040265727227 
2.1365058076643924 -1.6013253678800947 
2.4994121240918497 -1.3209345305285454 
2.82568703979652 -0.9621422728089543 
3.096075087560777 -0.5352411159333008 

0.0 -0.0 
-0.15622491567499133 -0.015581261898249854 
-0.30373450502597454 -0.07963259669649268 
-0.43132168900477197 -0.1892157514428193 
-0.52857572335298 -0.3391042681563799 
-0.5863171734406344 -0.5219743021726119 
-0.5969906666222597 -0.7286742372047401 
-0.5545569553312815 -0.9499824120970342 
-0.45617795436670827 -1.1713029812776048 
-0.30082911759458725 -1.381628691800826 
-0.09010860713017746 -1.5684136695786157 
0.17184333081760073 -1.7194341713637986 
0.4784205497522555 -1.8232769338679053 
0.8207175019465054 -1.8698092902749968 
1.1877818587844784 -1.8506148318714213 
1.5669462128563887 -1.7593793127165671 
1.944229170171854 -1.59221290468733 
2.3047937648476715 -1.3478967696078565 
2.6334491036117664 -1.0280441715638406 
2.9167923995138723 -0.6344659944694478 
3.1368639795124706 -0.17957832284879582 

0.0 0.0 
-0.15340511820764602 -0.033404636021039824 
-0.29259069634995233 -0.11395913482231244 
-0.40676083534895663 -0.237458676039051 
-0.4861732749028627 -0.39751672514527675 
-0.5225495994488789 -0.5858045033249712 
-0.5094344588697964 -0.7923638887001587 
-0.44188665121090775 -1.007341147517369 
-0.3187616623797864 -1.2159111820346398 
-0.14030475941449708 -1.4070218813101805 
0.0904568542705621 -1.5683936232704703 
0.36800764562828514 -1.6883584846705768 
0.6844754690185245 -1.7563366227212456 
1.029850909815814 -1.7632841811663653 
1.392288226868988 -1.7020970869260097 
1.7584791449149964 -1.5679563440667035 
2.1140882751908032 -1.3586021362785994 
2.4442367955286213 -1.0745261687757894 
2.734019268494234 -0.719074154383435 
2.970329228368189 -0.2955829411546584 
3.136750334205011 0.1815525842965354 

0.0 0.0 
-0.1486094853868187 -0.0506381363506292 
-0.2777282797681871 -0.14650256863619696 
-0.3771088718018877 -0.28218770137677407 
-0.4377987268354393 -0.45024024118382444 
-0.45252058976322895 -0.6414437744965178 
-0.4159937805164298 -0.8451705002966255 
-0.32443006441790395 -1.051068567364563 
-0.17837875922507743 -1.2442789149773943 
0.020659246655222827 -1.4138490709858809 
0.268279552529519 -1.5479234741079937 
0.5576751624554115 -1.6355373469231238 
0.8798215372622998 -1.667075002082811 
1.223745465173184 -1.6346898899999556 
1.576869984032092 -1.5326715412829421 
1.9254250257507768 -1.3577460993177701 
2.2549111906642407 -1.1092991130516492 
2.5506021675887087 -0.7895116102324145 
2.7980698554352323 -0.4034031285261146 
2.9846724393693966 0.044220240487059706 
3.0957376012919284 0.5371896349961504 

0.0 0.0 
-0.1418846144171893 -0.06721425586648654 
-0.2592604137029295 -0.1771441161500597 
-0.3425613067402976 -0.3232533853254746 
-0.3837407057170905 -0.4971187692853181 
-0.37661698881163597 -0.6887558665728054 
-0.3171526994300361 -0.8870051664135001 
-0.2027617487755333 -1.081151087144386 
-0.03568015524994573 -1.25649350436894 
0.18135505580151476 -1.4023217689728806 
0.4426194640340739 -1.5073582885492716 
0.7401029785645912 -1.5614837754904212 
1.0637458226406933 -1.5561715280824526 
1.401753440816676 -1.4848741667759624 
1.7409809231920406 -1.3433489587897067 
2.0673751709330204 -1.129909687811227 
2.366461003684849 -0.8455952448062232 
2.623855797209735 -0.49424766610360915 
2.8257960913829674 -0.08249515091654074 
2.960268837428471 0.3834493579990544 
3.014536215120624 0.8858529266905543 

0.0 0.0 
-0.13331780711254582 -0.08291780452171914 
-0.23742684672505518 -0.20548599089523634 
-0.30356663428481107 -0.36012261599209755 
-0.324700989071093 -0.5375437356125117 
-0.29582417193677174 -0.7271265772187971 
-0.21419436374752177 -0.9173247922839511 
-0.07846119401439179 -1.0971981776478834 
0.10748164605397159 -1.2523963812473782 
0.33969652604931905 -1.3725896219154596 
0.6112133200079591 -1.44722468105158 
0.9129228285565856 -1.4671591287587868 
1.2338606326930295 -1.4250659420147398 
1.5615639494129019 -1.3157819089400717 
1.8824905673901242 -1.1365871122299458 
2.1824867934108187 -0.8874048662179856 
2.4472895822292218 -0.5709139170771029 
2.6630467107951303 -0.19256743266512583 
2.8168380362436176 0.23948377308535695 
2.897435228432399 0.7177005622394976 
2.8942003265182112 1.2230161364356065 

0.0 0.0 
-0.12292267076407123 -0.0976678914087314 
-0.21227975422632162 -0.23137265600241638 
-0.2602386335895959 -0.39257719443113354 
-0.26087490547659603 -0.5712515065123042 
-0.21043482269718408 -0.7562685934219434 
-0.10751958168030096 -0.9358437580896146 
0.047956916491695124 -1.098954109215034 
0.25048004390386736 -1.2317908700773506 
0.49495287086536205 -1.3245443199916476 
0.7732403637115278 -1.367530745514434 
1.0752444277410973 -1.352713354932123 
1.3892323146766823 -1.274071652560431 
1.7022310994190515 -1.1279065937260082 
2.000475918365362 -0.9130701506676581 
2.269897767071901 -0.631110233669203 
2.4966351880354773 -0.286324532415676 
2.667553188079803 0.11428030786306577 
2.7707522435767435 0.5611247675111497 
2.795943281037761 1.0454310925258545 
2.7347464576156923 1.5470377540830806 

0.0 0.0 
-0.11101474518242398 -0.11101678410079023 
-0.18458246518478746 -0.25401833309095373 
-0.21389250713755048 -0.4196319761295758 
-0.19419986774448897 -0.5972188973634567 
-0.12304089738743967 -0.7752973220449646 
-3.664195131378575e-4 -0.9419999287349975 
0.1726552163710258 -1.086365581312237 
0.38897438456809147 -1.195302442124952 
0.64241135190697 -1.2596442572969 
0.923782335203026 -1.270695556444125 
1.2221405750737673 -1.2216204053462603 
1.525144629239775 -1.107772025238528 
1.8194850011106565 -0.9269510940353614 
2.091355582467959 -0.6795828335678473 
2.3269547700978834 -0.3688055014756495 
2.5129999568533594 -4.656769396370104e-4 
2.6372384369196724 0.41698132672037347 
2.6889376274325962 0.8726645608578135 
2.65887373885298 1.356692832161346 
2.5410147607608176 1.8480822453548016 

0.0 0.0 
-0.09766563379135149 -0.1229244645143253 
-0.1544889392374627 -0.27336636159791783 
-0.1647696428249398 -0.44123912428902057 
-0.1250037406460485 -0.6154332334416914 
-0.03404966358500499 -0.7842611939970944 
0.10679149948701858 -0.9359271209006148 
0.29511211807078763 -1.059673929927397 
0.5224190864447086 -1.1432966798334874 
0.7815300928297255 -1.1783915792305886 
1.0623318277647689 -1.157364284794535 
1.3531709772657816 -1.0746684634274748 
1.6412576208087037 -0.9270913774474193 
1.913118473284059 -0.7139619788050839 
2.155085411807954 -0.43727321872319175 
2.3538034058630233 -0.10171296155176476 
2.4967411325534794 0.2853992239225043 
2.572687237212872 0.7142691225875574 
2.5722154073956705 1.1728754827160146 
2.4872868801154144 1.6503420784812242 
2.3142957845248926 2.125135059644519 

0.0 0.0 
-0.08304863383955358 -0.13323634795874492 
-0.122389848474614 -0.2891655667439694 
-0.11350775030780354 -0.4571181363937131 
-0.05418482355833055 -0.6256580574850391 
0.05538360061522824 -0.783043840907323 
0.21256305856377075 -0.9177041713613461 
0.4137378944902629 -1.0192256642484845 
0.6490817795645624 -1.0764487184428715 
0.910503063678657 -1.0818411024876895 
1.187090201384973 -1.0290081893628371 
1.4666346066209348 -0.9137652492089285 
1.7360639184890527 -0.7343752929670472 
1.9819159726241606 -0.491704258123953 
2.1908380701109538 -0.1892869529378902 
2.3500951272188884 0.16670000906429436 
2.4480697860779936 0.5675590916301536 
2.474737588207575 1.0022843256843614 
2.422100863322581 1.457860215484327 
2.283410233659093 1.9225666971059616 
2.057532779110775 2.3745995163152647 

0.0 0.0 
-0.06721164999870172 -0.14188584885199798 
-0.08840064594634121 -0.30129939561218777 
-0.06030521477915055 -0.4671234109637843 
0.017965269051389312 -0.6277429801343152 
0.14486946759887975 -0.7715165826847905 
0.31646254830389314 -0.8872516303287394 
0.5279578361581185 -0.9650184056479117 
0.768313380079749 -0.9948585577811707 
1.028626678439105 -0.9702180973386004 
1.29732449662569 -0.8859966988961637 
1.561798705027904 -0.7394381684584328 
1.8088639747692203 -0.5303170002763421 
2.0252464254426643 -0.2610381509122957 
2.1980871631309937 0.06335474156476732 
2.315443968026176 0.43526455280805654 
2.366774230894821 0.844718142324544 
2.3433826054705893 1.279631964424878 
2.238817732839911 1.72615878734303 
2.047719654857794 2.1718814919578544 
1.7714649005658047 2.595009847007017 

0.0 0.0 
-0.05063540697648821 -0.14861041538305925 
-0.05355305900769481 -0.30939953114204677 
-0.006776975901577961 -0.4709512422720949 
0.08925645272458486 -0.6216247144757228 
0.23169163306958837 -0.7500293242037589 
0.41533614520559864 -0.8454938713472462 
0.6343048467747874 -0.8986975917170434 
0.8764946649815594 -0.9010028314377617 
1.132315346524634 -0.8469108312123522 
1.389688599738886 -0.7326708645468132 
1.6357746079626085 -0.5569788433547314 
1.8574479758281557 -0.3211105994698511 
2.0417945548235434 -0.028965425819887248 
2.1766126478246446 0.31298303680836875 
2.2509017490445395 0.6958285105888027 
2.255322157973078 1.1084633344209716 
2.182609511967774 1.537893272716866 
2.0279294950931637 1.9696271126614768 
1.7873694279956163 2.390718621642167 
1.464775614041912 2.7796755926741055 

0.0 0.0 
-0.033401818573090665 -0.15340573169217092 
-0.01801024992926526 -0.3134830631748475 
0.04683924121243631 -0.46866521684742424 
0.1593889152490273 -0.6074365594000236 
0.3155059936474085 -0.7188052364671264 
0.5088178767507868 -0.792759968905356 
0.7324173553663499 -0.820709947276236 
0.9732973562458068 -0.7954503481204359 
1.2213043744270125 -0.7126090267499025 
1.4640118607443713 -0.569833547274819 
1.688514997105518 -0.3672888570999015 
1.8819187146343117 -0.10773556288032468 
2.031836247304188 0.20348332644429 
2.126881496379503 0.5585482077300808 
2.157138477906247 0.9473592703596247 
2.1145916474490853 1.3578185315197913 
1.9935019314470797 1.7761897559992745 
1.7907148157008428 2.1875258738651517 
1.5038156937831717 2.5785196061173234 
1.1390707109395086 2.9282557804057627 

0.0 0.0 
-0.015734610051415736 -0.1562095453118339 
0.01776636697874231 -0.31349697957775713 
0.09984739450890376 -0.4602950117150775 
0.22745220180536638 -0.5853627045634962 
0.39522447705065966 -0.6782496684407834 
0.5956941695107925 -0.729734510908486 
0.8210216720740646 -0.7320679025778328 
1.057464767972479 -0.6795713829296456 
1.2944385126881912 -0.569056180767403 
1.519329420164288 -0.39959868996688236 
1.7193352003413078 -0.17283075208803098 
1.8819585137345205 0.10703808939884213 
1.9955007809499508 0.4332904721178808 
2.049539315193452 0.7968623441199588 
2.035371382967654 1.1865914770452122 
1.946409653160255 1.5895466215511185 
1.778514845551289 1.9914278656666615 
1.5302531993644708 2.3770263241779213 
1.2007395273540924 2.732846425880801 
0.7985784699763566 3.038821552393332 

0.0 0.0 
0.002293848461718518 -0.15698324196943658 
0.053621756520858675 -0.3093876326352069 
0.1520052092109368 -0.4457975060189764 
0.29311826281205533 -0.5553968707204272 
0.4704408374931193 -0.6284189831782396 
0.6754940995717283 -0.6565605238237978 
0.899601014347414 -0.6330229182147389 
1.1284585508181824 -0.5537420871536924 
1.3511857793729058 -0.4167649092959159 
1.5551465480064917 -0.22262123488897648 
1.7278103769615805 0.025598852784468735 
1.857245505549104 0.32227958687706665 
1.9326014211025715 0.6594056013959242 
1.944564350866727 1.0267767456162336 
1.8857698735153954 1.4123059102551858 
1.7511579867179117 1.8023913852307634 
1.5382576186359418 2.1823527438772317 
1.2473896480048268 2.5369170396468217 
0.8792233065351892 2.85257627018899 
0.44460897718371123 3.1103837154614307 

0.0 0.0 
0.0201363110048358 -0.1557033364418262 
0.08846754405264112 -0.3012797597736927 
0.2017294576990292 -0.42561276519443775 
0.3543938337497906 -0.5184486576317137 
0.5388719152992615 -0.5708257693041772 
0.7457953750099606 -0.5754591719781273 
0.9657701406704233 -0.5265814613043561 
1.184123719600799 -0.421781953951053 
1.3898236360569531 -0.2603579471754801 
1.5703760310436812 -0.04427325517165663 
1.7136832666922606 0.22197671377633701 
1.8085298426169245 0.5314553681768602 
1.8450474502795127 0.8749650885704345 
1.8151430724611217 1.2413124612668636 
1.7128750378415651 1.6176511072351962 
1.534763426934245 1.989892012985894 
1.2800231535883886 2.343168949580383 
0.9507103608256655 2.662344607637924 
0.5490265153813014 2.9340747920610792 
0.08790682147223616 3.140770031495246 

-0.0 0.0 
0.037717365339280835 -0.1524021008774591 
0.12216485199395238 -0.2892606937302331 
0.24883486820031933 -0.3999027486373777 
0.4110686882393753 -0.47476997962082573 
0.6003073948526583 -0.5058221344358259 
0.8064147860306944 -0.48688724862237787 
1.0194017052522975 -0.41330395997220737 
1.2244166754536077 -0.2843462763447664 
1.4104188976010685 -0.10057103603814735 
1.5652190001301092 0.1346494769083841 
1.6773092377658914 0.4154728882914077 
1.7363359692828861 0.7337318323300822 
1.7335411999760149 1.0791658389634646 
1.6621577311573041 1.439733543664939 
1.5177437758822028 1.8019960684670855 
1.2984446735843276 2.151559999079851 
1.0051715157350427 2.473566296656493 
0.6416890169346318 2.7532098004956804 
0.21170229965273243 2.9774833561787957 
-0.2699365345676158 3.1303830863499162 

-0.0 0.0 
0.05480877542325663 -0.14712239169005858 
0.1542762242037992 -0.27348646519602954 
0.2927099215058044 -0.36900122201974594 
0.4624070772061489 -0.42492787029055495 
0.6539497249705178 -0.43425195130359995 
0.856565375596869 -0.3919945883919758 
1.059799466799275 -0.29466097497288773 
1.248814337986707 -0.14321923487724136 
1.4127041977321504 0.060521481392648555 
1.5397424034874654 0.31182419871242034 
1.6191604953317447 0.6035754222605979 
1.6416011014601142 0.9264830401496513 
1.599530236687281 1.2693569324359206 
1.487594372165529 1.619464103924951 
1.3029092682994718 1.9629476403050934 
1.0452696005192357 2.2852965808031036 
0.7172708101913156 2.5718519756874603 
0.32433731022782425 2.8083330125172443 
-0.1283702208130266 2.982238435539388 
-0.624275593025877 3.079357722635061 

-0.0 0.0 
0.07132855887510205 -0.1398614910860066 
0.18463886266947815 -0.2539773422810027 
0.3331181775808706 -0.33297639520722716 
0.5081118446485828 -0.3690614492571859 
0.6994592193300031 -0.3563450581869528 
0.8958876574282937 -0.29111733934557094 
1.0866106338143737 -0.17110619650242068 
1.2569995828492428 0.0010240687619763125 
1.3964283422394317 0.22222485232401915 
1.493791278648625 0.4864448744033654 
1.5392073101299664 0.7853819812310908 
1.5244471114048825 1.108731709896181 
1.4433104900914662 1.444513353760335 
1.2919403475866162 1.7794637221021878 
1.06906153034818 2.0994864715757533 
0.776135154713493 2.390142929119065 
0.41742158453604655 2.6371687888270285 
-5.192075413362942e-5 2.826999999523211 
-0.46972429229537105 2.9478100497195565 
-0.9734982191383985 2.987384343758661 

-0.0 0.0 
0.08677526490400772 -0.130839800522774 
0.21233112279957822 -0.23132551586599873 
0.36883306151168 -0.2929217860383916 
0.5467956423702207 -0.30886651726099695 
0.7354544571635585 -0.27446628470224826 
0.9231880208836257 -0.18731758619247232 
1.099021365066477 -0.04639007574274184 
1.2487239505186525 0.14400519227128583 
1.362085377587366 0.3796306417594378 
1.428760451880904 0.6532109698566568 
1.4398766260768632 0.9553739067388796 
1.3884301571704083 1.2749457630267085 
1.2696239421702873 1.5993183064881045 
1.0811346496377536 1.9148756798687092 
0.8232989076856101 2.207467985861557 
0.499210794385286 2.4629164790486118 
0.11472563067629721 2.667534072821925 
-0.32163198299131734 2.8086441332993886 
-0.8019982614717992 2.8752432572908 
-1.3070039130534048 2.8572547613510224 

-0.0 0.0 
0.10109546039430634 -0.12011955664113667 
0.23726691485352103 -0.20567063746653777 
0.3997597799296645 -0.24906448632951697 
0.578380976557626 -0.2446619013174035 
0.7619020756659972 -0.18902440873031498 
0.9385036207569434 -0.0810860889802149 
1.0971646763196758 0.07892827779915847 
1.224237469490263 0.28511685024929223 
1.3100599139647453 0.5321080922356698 
1.345181554900211 0.8114971252914271 
1.3218535623996368 1.1129632337015403 
1.2343886978433531 1.4246085576875462 
1.0794552232928476 1.7333610186299298 
0.8562937358031492 2.0254288528665443 
0.5668482750589396 2.286792302125994 
0.21580571375638585 2.5037166161349202 
-0.1894596834538951 2.66326961240231 
-0.639036640880345 2.7538266415321724 
-1.1238607442126456 2.765350254057847 
-1.6235421717933805 2.6900324935599635 

-0.0 0.0 
0.11410324155011112 -0.10783992891205463 
0.259122524088766 -0.17734575695478844 
0.4254968442970372 -0.20197384853802947 
0.6024578085682559 -0.1772811013479291 
0.7784587336674937 -0.10112863084607725 
0.9416356309809168 0.02619806227892661 
1.0810646709799636 0.20322198985095924 
1.1838580215816914 0.4225271408284716 
1.2410273423728146 0.6776777519463574 
1.2441396032159544 0.9592484806918631 
1.1866702864178358 1.2561041482827018 
1.0643224890857292 1.555777181741125 
0.8752730907273137 1.8449013568883987 
0.6203364754083524 2.1096880473847177 
0.303038856995526 2.3364296375347675 
-0.0704009418502123 2.512013675796094 
-0.49118544496516925 2.624430768500927 
-0.9481453689176513 2.663259161140727 
-1.4311333438377996 2.619557663453057 
-1.9190037173890993 2.4878884083991424 

-0.0 0.0 
0.1257238397484919 -0.09403465381919329 
0.27776080223934446 -0.14644089845175007 
0.4458621761286971 -0.15181541390050834 
0.618820864095534 -0.10698008300640131 
0.7849210213205102 -0.011135092687860672 
0.9324097836520306 0.13407458875556316 
1.0506049553136911 0.3259282557102362 
1.1275547938412882 0.5555800454349757 
1.1550688112705791 0.8156053219725647 
1.1258512062874422 1.0956733369490703 
1.0346982819351507 1.3839737950410937 
0.8787721300028657 1.6676284189021926 
0.6577954020631759 1.9331500741082013 
0.37415930220942933 2.1669346590449265 
0.032939656411973724 2.3557697211390294 
-0.35818117894200624 2.4873430087247144 
-0.7890857987633765 2.550733934025649 
-1.2474828333294588 2.536871218755163 
-1.7222659663641158 2.438037108229462 
-2.1918052398907077 2.2512560472739738 

-0.0 0.0 
0.13560451682110394 -0.07912278444111365 
0.2926159925357941 -0.11389416540056854 
0.46023759469716374 -0.1001117197303551 
0.6269734497561527 -0.03589280291185353 
0.7810927787139019 0.0782244913118353 
0.9111061253249167 0.23926894573976176 
1.0067101206481726 0.44332238042370725 
1.0570368460855966 0.6802368014283077 
1.0547935542187379 0.9417040713401438 
0.993906956591645 1.216630577307152 
0.8705505925820184 1.492690746857867 
0.6833699204713491 1.7567670738589627 
0.43362359728189115 1.9954284191321703 
0.12523481647015833 2.195430992024957 
-0.23525058376482533 2.344225493172171 
-0.6387995544734132 2.430453482213673 
-1.0741181100930486 2.444416144106837 
-1.5279627764970931 2.3784992650070955 
-1.9884214085545309 2.226298565332605 
-2.433665968573141 1.9873182818584831 

-0.0 0.0 
0.14372478535505376 -0.06318374850104828 
0.30367246208248655 -0.07986886610413817 
0.46863824037080787 -0.04710838207955011 
0.6269867090850286 0.03566043508884502 
0.7671244432153338 0.16656857032935185 
0.8779745497554488 0.34135712967758125 
0.9497462442287967 0.5549613243941374 
0.972796518477436 0.7960627699108778 
0.9408250395756155 1.0555776830283696 
0.8490598749398299 1.3217936029377508 
0.6951014751316152 1.5820296897561221 
0.4790962494924992 1.8230994991283995 
0.2038225206952468 2.0318022492500187 
-0.1253154590688928 2.1954263904122024 
-0.5003868169948557 2.302248690601812 
-0.9111250779925767 2.342011975258244 
-1.3452062937722038 2.3063651114243924 
-1.7886068116761122 2.1892497968997993 
-2.2287633003696543 1.9856583671229464 
-2.6439330125335516 1.697581286782833 

-0.0 0.0 
0.14997922858105886 -0.04642446547059529 
0.3107866765499338 -0.044806714664733197 
0.47095505654354547 0.006506513357082973 
0.6188604699504637 0.10675073176653711 
0.7431973507984074 0.2527502675888375 
0.8334451687857621 0.43901383876555916 
0.8804528271930964 0.6593957985062413 
0.8759274131732657 0.901554306102295 
0.81464279878323 1.1557478576188775 
0.6931903562135078 1.4097971946533978 
0.5106285979957386 1.6508308317053284 
0.2686029838554544 1.86576457171422 
-0.02862456587849063 2.041799361893393 
-0.3742388979114749 2.166920913944485 
-0.7590270628793161 2.230384253400476 
-1.1716224382271543 2.223166629437087 
-1.5988311015894558 2.138373005018125 
-2.0260312758747787 1.9715796380509751 
-2.4401715398507378 1.719240488152393 
-2.8198766994257385 1.3858064078491634 

-0.0 0.0 
0.15428665174604064 -0.029062503212833806 
0.3138662796937573 -0.009162885528048463 
0.4671579664666913 0.060036941683481206 
0.6027002266316682 0.17645519776457644 
0.7096221213361443 0.33565077820614475 
0.7780960597861243 0.5309713003028581 
0.7997294319294229 0.755270041578403 
0.7676870782556091 0.9953419261135171 
0.6778849210389444 1.2409141927740306 
0.5283218878164557 1.4794988958610467 
0.3195267754156412 1.6982010009985515 
0.05462273270071233 1.8842084165697557 
-0.2607000503008467 2.0252899752314817 
-0.6183039930437845 2.1102846187626234 
-1.0078136714816885 2.129565120764002 
-1.4169098763094794 2.0754602868801553 
-1.8316999936813534 1.9426206868937974 
-2.2371539409796037 1.7283145675366587 
-2.619901639729577 1.4305035470568654 
-2.959212940371323 1.056041085156685 

-0.0 0.0 
0.15660238113392347 -0.011166656759539699 
0.31284453599035916 0.026912753500466333 
0.45718324709938357 0.11324521434331772 
0.578471612047561 0.24444752822455787 
0.6664200989134044 0.4148605208552007 
0.712029369145148 0.616748066454012 
0.7077823104271942 0.8420476239776127 
0.6484041496836452 1.0768570279628715 
0.5310165507238257 1.3105027366844262 
0.35506460901377124 1.5303496735798319 
0.12255329105525015 1.7236486564411921 
-0.16194473827497002 1.878030591269762 
-0.4913733879340114 1.9819980306827378 
-0.8563681333814455 2.0253973980749502 
-1.2455173901367926 1.9998556025040488 
-1.6457030757811992 1.8991657079792432 
-2.0425105107775265 1.719607749855567 
-2.4206954298044905 1.460192670890952 
-2.766742169083787 1.1204297255131812 
-3.0608439179693865 0.7095058208568944 

-0.0 0.0 
0.1568561237934566 0.006719853308801856 
0.30775246002231965 0.06232514219968173 
0.4413336766789651 0.16451621752589213 
0.5469100751814068 0.30866384573685995 
0.614902661997804 0.48797511849275116 
0.6372505223192034 0.693740421053799 
0.6074024772856192 0.9170944501998107 
0.5216994085067614 1.1436252564383558 
0.37849581288860656 1.3624011595803172 
0.17867766861465473 1.560805974725376 
-0.07431281124452443 1.7264013455986809 
-0.37452561834938836 1.8474186209952546 
-0.7136425906519352 1.9132376362615267 
-1.081204986219574 1.914835966283778 
-1.4649228265820484 1.8451929742330098 
-1.8510571192866276 1.6996342374576627 
-2.2248635919691604 1.4761036539247794 
-2.571084420849624 1.1753526708457989 
-2.876235847962812 0.7984311785580801 
-3.1216846684105817 0.3567195411108242 

-0.0 0.0 
0.15507357100988334 0.024519126702284268 
0.29866516272155463 0.09692843017663749 
0.4197547427311516 0.213651482453796 
0.5082485892221116 0.36887311036958664 
0.5554026008894181 0.5547548566035901 
0.5541989329102242 0.7617266850788206 
0.499137386834888 0.9802356191567615 
0.388222001382754 1.195547020255736 
0.22106146836478272 1.3966129840454748 
-2.8853026085578996e-5 1.5709999997350423 
-0.27021418972452366 1.7067420108708635 
-0.5822444325284662 1.7928235888646726 
-0.9266473341941106 1.8196397220414122 
-1.2920057100672824 1.7794162652829542 
-1.665310735345701 1.6665761772995435 
-2.032380866200666 1.4780382318131793 
-2.378333646573797 1.2134368815785126 
-2.688095770248381 0.8752543230243199 
-2.9483904302936 0.46606745279317485 
-3.1419999225474693 -6.976472568786667e-4 

3.141999739322249 -0.0012798823854739611 
2.9484767453162575 0.4655210868792596 
2.6882579150045487 0.8747561845539563 
2.378558464304139 1.2129961384469181 
2.032654722400448 1.4776615916721794 
1.665619535282571 1.6662675546517347 
1.292335426491895 1.7791768167987159 
0.9269845105869808 1.8194679763963464 
0.5825766456125384 1.7927156640100077 
0.27053045663161923 1.706691908938074 
3.1997060300512444e-4 1.5709999674152808 
-0.22080266215772942 1.396653924343486 
-0.3880004512721062 1.195618940052658 
-0.4989557335681351 0.9803280960675791 
-0.5540577699721553 0.7618293690410486 
-0.5552997912962518 0.5548577671677123 
-0.5081802256604843 0.3689672861483241 
-0.4197151443708236 0.21372926235258172 
-0.29864719605974543 0.0969837733110647 
-0.15506902477717788 0.024547862527213905 
-0.0 0.0 

3.0886208731787073 0.5767019176011116 
2.8125336868959443 0.9999396282153767 
2.481477787870699 1.354325288955479 
2.114844903957701 1.6298254606564906 
1.7261592841465048 1.8263469346635175 
1.330693680378686 1.9442197224079967 
0.9430099306889856 1.9865380113710267 
0.5764818521052791 1.958936618217462 
0.24287187174706393 1.8692881677029032 
-0.048025867726745955 1.7273324856636874 
-0.2886654874738769 1.5442516751946456 
-0.47394458879181167 1.3322058875245073 
-0.6013096682593992 1.1038458600990315 
-0.6707696329756951 0.8718188455623401 
-0.6847393386239333 0.6469126974645484 
-0.6478884577040974 0.44324434161510284 
-0.5673790189273744 0.2691933299341016 
-0.4518679872638463 0.13287709391057742 
-0.3113909840652375 0.04039375004729079 
-0.15693846002076958 -0.004395425611849811 
-0.0 -0.0 

2.929835102078852 1.1350023236216764 
2.580605888621184 1.5002327311499604 
2.1900110306591025 1.7876746587652508 
1.7789569768171303 1.991032916511843 
1.3607543470986114 2.112703624944169 
0.9503545785749675 2.155820534038396 
0.561501864665117 2.1261036324642304 
0.20630530994248852 2.031551653069528 
-0.10512151161532703 1.8820665418086866 
-0.3649431893448011 1.6890235251620518 
-0.5677995144908461 1.464801935875277 
-0.7109119720692907 1.2222929959582325 
-0.7940976903010982 0.9744012819462322 
-0.8196918425793575 0.7335565985040677 
-0.7920524663599116 0.5099185136207364 
-0.718366311588286 0.31650409535271695 
-0.6072145854409808 0.1602324786918613 
-0.46859970599108497 0.04749016261362651 
-0.31350777665454 -0.017574810870307215 
-0.15345197816781758 -0.03318870886888539 
-0.0 -0.0 

2.672714619358679 1.6518960510475202 
2.2625566621496795 1.9470650606906028 
1.8259637776607622 2.1581902795330254 
1.384641297532054 2.2829078994056573 
0.951236751967298 2.326008951338473 
0.5398758314985179 2.293309854024044 
0.16302417433607852 2.1929487268474928 
-0.16887699639706977 2.035004805912729 
-0.4476965215716279 1.8310633043597004 
-0.6678125058746386 1.593741025699419 
-0.8262201885669965 1.3361890584809908 
-0.9225465799839694 1.0715893839339214 
-0.9589729618354567 0.8126622044050845 
-0.9400692897341015 0.5712002542881279 
-0.8719788663540764 0.356394243264197 
-0.764148775589043 0.17972659448664358 
-0.6262813205055281 0.046429598165953996 
-0.46937857165570246 -0.03904813017869887 
-0.3050001241035373 -0.07463862469812027 
-0.14478934109345218 -0.060704585541159574 
-0.0 -0.0 

2.3232475346181745 2.1153451001882826 
1.8657930938642557 2.3300302854015547 
1.39781436878647 2.4572431687592666 
0.9410811310044839 2.4986528980367244 
0.5071438028865092 2.4612952206498533 
0.10881712766561112 2.3534856771874786 
-0.24314294582433302 2.185516531142207 
-0.5403274014167813 1.9692156558584912 
-0.7768748878411801 1.7174662758382633 
-0.9495802576672294 1.4437040327742519 
-1.0579091197907218 1.1614083236586605 
-1.1039196289012798 0.8836048058529674 
-1.0920956829918835 0.6223953881500818 
-1.0290984897104993 0.38853094918625164 
-0.922657123140674 0.189915331444765 
-0.7841696164397941 0.03609726655393996 
-0.6241351766531813 -0.06956494278084492 
-0.4541864451623062 -0.12472238384038119 
-0.2860661621475666 -0.12946872546743537 
-0.13115229398606684 -0.08630223509383925 
-0.0 -0.0 

1.8944938225683556 2.506602712088683 
1.4053546741197422 2.633477404484381 
0.9219610518033098 2.672436494840941 
0.46540421936475534 2.629125123039503 
0.045743304311946634 2.5125836404208766 
-0.3259552325545444 2.333342920869179 
-0.6410122054075977 2.103498122775128 
-0.8933377837257047 1.836222100991066 
-1.0795404573551544 1.5452564191529585 
-1.198941210413193 1.2443970322903168 
-1.2534942588622444 0.9469916277345817 
-1.2476186620747118 0.6654650058740172 
-1.1879479101035513 0.4108877740704933 
-1.0830071322764425 0.19260205460575014 
-0.9418474001202635 0.016955084390832903 
-0.7774287096939129 -0.10876397079758406 
-0.6006888603463022 -0.18318540623057467 
-0.4234940713341186 -0.20614017450475888 
-0.25736947760348056 -0.17988038247155116 
-0.11303934713098458 -0.1089546052271347 
-0.0 -0.0 

1.4010857749767742 2.8123162430917565 
0.896955014505605 2.847050526765068 
0.41464351018682966 2.796426247813438 
-0.026155774184719194 2.669871883719666 
-0.41721829882286415 2.478123865170455 
-0.7496035559865492 2.2335690069600087 
-1.0170053217587869 1.9496925848744222 
-1.2158607819465483 1.6405628786865585 
-1.345364011271461 1.32031082597075 
-1.407385298512001 1.0026218736554104 
-1.406300774194429 0.7002564762286386 
-1.348739590930766 0.4246145497458957 
-1.243258446410524 0.18535758799922306 
-1.0999554503007116 -0.00989986635054117 
-0.9288947811394123 -0.15658379728427596 
-0.7441561056378727 -0.24991336587280635 
-0.5567425357151008 -0.2905542099600688 
-0.37834890412027444 -0.28052291662355744 
-0.21988941653688648 -0.22415317194960155 
-0.09106865009917157 -0.12788862720787433 
-0.0 -0.0 

0.8598621743656899 3.0220524550535366 
0.35794452376450614 2.963460935782181 
-0.10682477730090868 2.824980967538474 
-0.5168231365836731 2.6195025950534605 
-0.865941284990486 2.359091920835012 
-1.1476697850064705 2.057568969581142 
-1.3582905902735505 1.7293489157409296 
-1.4968894928640586 1.3889153488075436 
-1.565273656588883 1.0503063267394268 
-1.5677988466097978 0.7266297382910967 
-1.511113761627883 0.42962332271285 
-1.4038314110973669 0.1692730611065318 
-1.256139681654703 -0.046498388922854454 
-1.0793650400812966 -0.21206392963043294 
-0.8842413066860633 -0.3247788656149339 
-0.6854873150246573 -0.3825338428692111 
-0.49379598089803556 -0.3880071252553836 
-0.32029163515796033 -0.3453321132588743 
-0.17490507968459224 -0.26077617433447875 
-0.06599000782588775 -0.14245813022477613 
-0.0 -0.0 

0.2924221368901853 3.1283627177577373 
-0.19030288628034586 2.9789276277669736 
-0.6218899643189498 2.75774942158989 
-0.987372387292449 2.480724847461405 
-1.2829516687801847 2.160834101816736 
-1.5047568126528892 1.8128549127756246 
-1.651769985118497 1.4516393891947268 
-1.7257423786536732 1.0915939000007104 
-1.7310191039063054 0.7461888915759944 
-1.674280664715994 0.4275140415918156 
-1.5642111057123034 0.14589248358394916 
-1.411105116322695 -0.0904342340483574 
-1.2264281658665817 -0.2755412019447042 
-1.022345080561336 -0.40596863949329304 
-0.8098923734112324 -0.4810803919204365 
-0.6039263545326579 -0.5014957211192279 
-0.41446941561576883 -0.47180409442810384 
-0.2517018440909538 -0.39810448588431296 
-0.12424010746006886 -0.2883754422594104 
-0.03881143818228071 -0.1521271582138541 
-0.0 -0.0 

-0.28801915871377887 3.1287711588120035 
-0.7350190162831605 2.8930903970844284 
-1.1185566362726582 2.596297373462908 
-1.426844848668465 2.2567706524652134 
-1.6585376456089604 1.8879676581175553 
-1.8125483965336842 1.5051260114100644 
-1.890608629651062 1.1230316155340123 
-1.897089657153025 0.7555228869617506 
-1.8387402877255026 0.4150411477132551 
-1.7243508850640084 0.11224092470650424 
-1.5643562160660842 -0.14432819979270314 
-1.3703913084179076 -0.34845898153535243 
-1.154815854082331 -0.4964366456659863 
-0.9302235163813354 -0.5870981260156974 
-0.7075795024927802 -0.6218482513057904 
-0.5013727071020874 -0.6040284832465473 
-0.3206102857118805 -0.5399935598650658 
-0.17417692674709484 -0.43761101241734895 
-0.06907444244646277 -0.30630821308073064 
-0.010165906119547648 -0.1566705280286262 
0.0 -0.0 

-0.858631080841776 3.0224024660876125 
-1.2546507857342357 2.708519227522017 
-1.5770497680318705 2.346240189995607 
-1.8176226642700328 1.955798519871591 
-1.9775218810277415 1.5506696005456813 
-2.0584822372964258 1.146030923987263 
-2.064925530558252 0.7560975818297003 
-2.0036940107690975 0.39366776755031224 
-1.8837098646930115 0.06972908760507568 
-1.7155733227554808 -0.20686269419525286 
-1.511113761627883 -0.4296233227128503 
-1.2829094728624153 -0.5945916955692193 
-1.0437925656934883 -0.7003899483880425 
-0.8063557503185428 -0.7481914219825165 
-0.5811187129948836 -0.7413939852785224 
-0.381708463241852 -0.6859472640732258 
-0.2158095286864774 -0.5897543957683744 
-0.09070778655521793 -0.4621829696757043 
-0.011551439485330802 -0.31378745074622844 
0.018826562891466524 -0.15586712459557872 
0.0 -0.0 

-1.3999400718406174 2.8128867370114436 
-1.731464462076606 2.4315130714363367 
-1.9817221358203876 2.0161116974015805 
-2.1463695646877707 1.5880798757562633 
-2.229018240944341 1.1604510681357465 
-2.2341652281004745 0.7478246676506163 
-2.1687716880240773 0.3633598288545289 
-2.04191729955823 0.018377751898004606 
-1.8643931356275563 -0.27796265185245467 
-1.6482475340370324 -0.5189066067616038 
-1.406300774194429 -0.7002564762286386 
-1.1516451458888712 -0.8204324822620083 
-0.8971472478346029 -0.880440694029301 
-0.6549690794031358 -0.8837508161386947 
-0.43482579535173277 -0.8356377969531614 
-0.24901746428346005 -0.7444563805098562 
-0.10364373224284676 -0.6193883892734615 
-0.004143016492011813 -0.4709817782190166 
0.04636578521227657 -0.31055790758190177 
0.047176528401132324 -0.14974436606436034 
0.0 -0.0 

-1.8934726098022916 2.507374219363456 
-2.149187587171905 2.0715254560700447 
-2.318763283916582 1.6171783553957149 
-2.4018662404920468 1.1661640376827789 
-2.4044437836527077 0.730629243360714 
-2.333601747898607 0.32409702591132783 
-2.1986030924405178 -0.041778486221874404 
-2.01045505828045 -0.3575394504590381 
-1.7814493321759697 -0.6161682212592524 
-1.52467117967829 -0.813241534759761 
-1.2534942588622442 -0.9469916277345818 
-0.9810780506506103 -1.0182739604505255 
-0.7198845384060629 -1.0304442009948376 
-0.4812299520559625 -0.9891500054310348 
-0.2736933609257973 -0.9013633807655718 
-0.10782812212661128 -0.7775590627589962 
0.012059165542262844 -0.6278842063043346 
0.08256314436130352 -0.46370715671981444 
0.1027006616334944 -0.29672979981802045 
0.07391647699725278 -0.13851120686902776 
0.0 -0.0 

-2.3202682115283655 2.1186126183356313 
-2.491922227228072 1.6433346017919428 
-2.575506498061053 1.1656308499886612 
-2.5746874916844114 0.7070249784582112 
-2.4975345524354213 0.27837054332525946 
-2.3535077915059297 -0.10833778344086999 
-2.153846086822019 -0.44333738200322603 
-1.9111013139503426 -0.7193439843477343 
-1.6386416453864217 -0.9317073349530315 
-1.3501407594094534 -1.0784729620075155 
-1.0590699989662964 -1.160349834011075 
-0.778210191059251 -1.180586675569195 
-0.5191989923074036 -1.144762598265237 
-0.29212829639511984 -1.0605003811622535 
-0.10415673259050534 -0.9362239983337695 
0.036256980143253285 -0.7841622481291048 
0.12673549869189327 -0.6150789488929995 
0.16601094108730782 -0.4407736011143435 
0.15525776858823898 -0.2729304403927873 
0.0980112410646913 -0.1226490791851246 
0.0 -0.0 

-2.670387183327811 1.6556558492387723 
-2.751686394320009 1.1569126964962169 
-2.745972454906688 0.6719853249095088 
-2.6608084635259566 0.22135564241427932 
-2.506122545271325 -0.1857923251449728 
-2.2934197646978154 -0.5394087345357106 
-2.0355430224125413 -0.8319649054543207 
-1.7461699277738434 -1.0586097408102242 
-1.4392959405154229 -1.2172313648669362 
-1.1287209330119803 -1.3084238821500336 
-0.827555964292719 -1.3353621703356537 
-0.5477661809016685 -1.303590507429538 
-0.2997643991661897 -1.220733511046753 
-0.09206812344165308 -1.0961402559188913 
0.06983573088885262 -0.93940777657587 
0.17988222738808873 -0.7641121542482491 
0.2377145564009007 -0.5812708402071474 
0.24425694799160966 -0.4027152137153798 
0.20281309734187467 -0.23971409542743888 
0.11889967476825337 -0.10252739799684557 
0.0 -0.0 

-2.92937251989416 1.136195687233911 
-2.917542387458188 0.6310082546090632 
-2.8227252402586904 0.15540662150152093 
-2.65612269788237 -0.2718680080371341 
-2.4291828441023564 -0.6436145662730033 
-2.1550630577607475 -0.9520710147225874 
-1.847771966071406 -1.192199547643183 
-1.5216461295882253 -1.361747794677551 
-1.190830665248664 -1.4612143329106189 
-0.868780684395852 -1.4937215679036957 
-0.5677995144908464 -1.4648019358752769 
-0.29862828109580397 -1.3821060558907068 
-0.07009959687027405 -1.2550438424687103 
0.1111341042785198 -1.0943716054733015 
0.24144487555032618 -0.9105319171069663 
0.31736854414447174 -0.7179848237864214 
0.34058101088596654 -0.5276254116547963 
0.31416707621120454 -0.3509131633679523 
0.2434469223716138 -0.19831690797254134 
0.13573035997103045 -0.07890671316266124 
0.0 -0.0 

-3.0883856994801873 0.5779600083451056 
-2.983829956445842 0.08356907930809998 
-2.803145473531706 -0.36647572118587707 
-2.5607901082147473 -0.7558134833869411 
-2.2693412084831794 -1.0794718521018052 
-1.9431594390363263 -1.3322414925545705 
-1.5969410742872168 -1.511747401272577 
-1.245192355033063 -1.618412802398453 
-0.9017253179546283 -1.6553297106497016 
-0.5791911240680697 -1.6280422727315056 
-0.2886654874738769 -1.5442516751946456 
-0.03929894500325161 -1.4134537816715589 
0.16195752932947446 -1.2465226667387528 
0.3105436029950084 -1.0552547894413362 
0.40481411052578853 -0.8505818807846866 
0.4440238663105959 -0.6473544671558158 
0.4318242873513115 -0.4559734475312482 
0.37335546793339763 -0.2871353244799979 
0.2757725128649717 -0.1501516604907819 
0.1479289074849793 -0.0525931395744771 
0.0 -0.0 

-3.142 -0.0 
-2.9482868723558977 -0.4667220996416147 
-2.6879013631900284 -0.8758511641604331 
-2.378064157356807 -1.2139649350351351 
-2.0320526336319134 -1.478489463658637 
-1.6649406490054732 -1.6669459005286382 
-1.2916105780031755 -1.7797030973705426 
-0.9262432799510288 -1.819845429245451 
-0.5818463410086875 -1.7929528257750682 
-0.2698352193837033 -1.7068019669487577 
3.1997060300512444e-4 -1.5709999674152808 
0.22137156578536435 -1.3965638653000212 
0.3884874501511728 -1.1954607902708645 
0.49935502529171355 -0.9801247669128214 
0.5543680524545357 -0.7616036123980539 
0.5555257645388808 -0.5546315217633163 
0.5083304809943732 -0.36876025015181507 
0.4198021713942944 -0.21355827516777579 
0.2986866772731312 -0.09686211240488395 
0.15507901139519345 -0.024484693681756705 
0.0 0.0 

-3.0889621151994846 -0.5748713341803766 
-2.8131258107367616 -0.9982725945184697 
-2.4822799977729804 -1.3528543944771634 
-2.115810454403921 -1.6285718040771409 
-1.7272413720035802 -1.8253235994856336 
-1.3318456954137943 -1.9434307406253886 
-0.9441870938931779 -1.9859787843090255 
-0.5776427216150368 -1.9585946201716098 
-0.24397966937221072 -1.8691439005419104 
0.04700214955401731 -1.7273606450122978 
0.2877502305334217 -1.5444224826218902 
0.4731549690027078 -1.3324865385091311 
0.6006553644846465 -1.1042020345551877 
0.6702528286374881 -0.8722162264619056 
0.6843558232606127 -0.6473183970576527 
0.6476256535876519 -0.44362823717068184 
0.5672193809007682 -0.2695295418512584 
0.45178915782508444 -0.13314487174390488 
0.3113669898794534 -0.040578289927107575 
0.15694103742398827 0.004302414703665835 
0.0 0.0 

-2.93050725070589 -1.1332657471044494 
-2.5814945536790064 -1.498703062426186 
-2.191070117793141 -1.7863764269923488 
-1.780136657134538 -1.9899782616716877 
-1.3620062094383065 -2.1118967980115637 
-0.9516320663781741 -2.1552569244154642 
-0.5627618089309357 -2.125770483003464 
-0.2075092800208886 -2.031429028714814 
0.10400607972704201 -1.8821285119193674 
0.3639421194569608 -1.6892395134157783 
0.5669312946995745 -1.4651381870288767 
0.7101874509301187 -1.222714105807805 
0.7935200684585112 -0.9748717356419764 
0.8192569536998162 -0.7340422629620841 
0.7917501222404352 -0.5103878367793024 
0.7181786081521023 -0.3169297821169684 
0.6071195164543423 -0.16059231843474203 
0.4685714784823054 -0.047767871555119475 
0.3135181373707184 0.01738900628544854 
0.15347162062501443 0.03309775917991491 
0.0 0.0 

-2.672041503707626 -1.6529846346726547 
-2.2617633444944487 -1.947986543460012 
-1.825084495130079 -2.158933900247014 
-1.3837112483425924 -2.283471738649328 
-0.950289181677186 -2.3263962412253214 
-0.5389416151967298 -2.293529580234172 
-0.1621308710437436 -2.1930149522186566 
0.16970593426561476 -2.034935845641094 
0.4484423614715059 -1.8308807848786492 
0.6684616551368724 -1.5934688624543853 
0.8267644118204632 -1.335852389804788 
0.9229830115210763 -1.071213499001709 
0.95930391729626 -0.8122715027994337 
0.9403018881073967 -0.5708172730582571 
0.8721239699214693 -0.3560390162445906 
0.7642219231720794 -0.17941530632353642 
0.6263001814753725 -0.04617448087326467 
0.4693626265982384 0.039239326609953634 
0.3049696950240422 0.0747628592079162 
0.14476460128660573 0.06076355992146993 
0.0 0.0 

-2.32238566365959 -2.1162912912045937 
-1.8648438096215265 -2.3307901161872704 
-1.3968133036599177 -2.4578123595422547 
-0.9400632356669525 -2.499036036744444 
-0.5061411610661823 -2.461501599648998 
-0.10785843472197598 -2.353529808194348 
0.24403318794063306 -2.185417306416221 
0.5411295094943755 -1.968995392060219 
0.7775744270900952 -1.717149676159743 
0.9501682665236707 -1.4433171048980895 
1.0583821275190546 -1.1609772918314292 
1.1042794705497343 -0.8831550548586573 
1.0923491229056475 -0.6219504752689416 
1.0292566710138076 -0.38811171738762906 
0.9227344079182882 -0.18953947463176637 
0.7841842554722747 -0.03577783488969461 
0.6241067878425302 0.06981917622601354 
0.45413560226655425 0.12490738470560507 
0.28601339979483603 0.1295852427470014 
0.13111712820025886 0.08635565234839514 
0.0 0.0 

-1.8934726098022916 -2.507374219363456 
-1.4042818199863114 -2.634049652162224 
-0.9208723679297329 -2.6728118306351996 
-0.46433321610100275 -2.6293144856455073 
-0.044719808618863745 -2.5126020653332852 
0.3269056843478015 -2.3332099505919084 
0.6418690046111615 -2.103236834243704 
0.8940856880699416 -1.8358580507186546 
1.080169822428272 -1.544816544032098 
1.1994480115923356 -1.2439085446636309 
1.253879908494792 -0.9464809427944609 
1.2478896333391105 -0.6649567376941001 
1.1881151851999388 -0.41040383367765326 
1.0830854981775349 -0.19216087957105463 
0.9418542285719482 -0.016571424837354017 
0.7773843405822752 0.10908064455924894 
0.6006141905942552 0.18343007947664325 
0.4234100657409393 0.2063126661871573 
0.25729618262464093 0.17998520607757584 
0.1129949554865259 0.10900064235864866 
0.0 0.0 

-1.4027522581388365 -2.811485390729675 
-0.8986421715993775 -2.84651844319041 
-0.41630074932483574 -2.796180016757072 
0.024573460527718256 -2.669886916151636 
0.41574955663267793 -2.4783706958725387 
0.7482796917292873 -2.2340128699149258 
1.0158496509114165 -1.950294974290595 
1.2148882829957135 -1.6412831747872536 
1.3445812880949515 -1.321107928863089 
1.406790843930372 -1.0034557894763831 
1.405885517730987 -0.7010898024035681 
1.348487704743834 -0.4254138104889245 
1.2431483752370605 -0.1860943769850564 
1.0999611243184761 0.00924797210386348 
0.9289874179518471 0.15603325699080936 
0.7443040869945737 0.24947229522168224 
0.556914635925941 0.29022420349012346 
0.37851509057879157 0.28029863753527096 
0.22002222309434039 0.22402281433957635 
0.09114442775534569 0.12783463258894504 
0.0 0.0 

-0.8616530534886255 -3.021542323948769 
-0.35970076656159 -2.9632482782472014 
0.10515052352693262 -2.825043781501804 
0.5152705882940898 -2.6198084320879387 
0.8645430087009374 -2.35960470971439 
1.1464501578890118 -2.058248778810827 
1.3572654469488117 -1.7301536077813557 
1.4960660843624192 -1.389802241766971 
1.5646509139183935 -1.051233807282821 
1.5673679315766833 -0.727558772241136 
1.5108588784578338 -0.4305188142057631 
1.4037308442762633 -0.17010501705549091 
1.256167018488042 0.04575392510881324 
1.0794905309659473 0.21142420285969463 
0.8844336327456992 0.32425475982357704 
0.6857139046818914 0.38212751919472376 
0.49402584798019994 0.3877144071703351 
0.32049624121323395 0.3451422306357026 
0.17505959889471837 0.2606724704199128 
0.06607442455411035 0.14241899599366364 
0.0 0.0 

-0.2911477853415606 -3.1284815753158437 
0.1915163259336413 -2.9788498614231766 
0.6230132720195763 -2.7574958681541957 
0.9883828197079365 -2.480322439060331 
1.2838317703294821 -2.160311316799657 
1.5054951477304386 -1.8122418051022067 
1.6523611681562458 -1.4509664262033517 
1.7261868923207833 -1.0908908344925792 
1.7313229176492713 -0.7454837052695484 
1.6744546721137212 -0.4268319939232889 
1.5642704047144926 -0.14525529571880255 
1.4110681611900053 0.09100903513309413 
1.2263158233989246 0.27604076018120405 
1.0221796258785356 0.40638505439892486 
0.8096963398528179 0.4814102587491775 
0.6037220219514946 0.5017416867381055 
0.4142771935302155 0.47197288790854114 
0.25153965677964507 0.39820698269515353 
0.12412262845447272 0.28842602709456183 
0.038749466512188836 0.1521429552921224 
0.0 0.0 

0.28929362848276474 -3.128653575664662 
0.736197445256969 -2.8927907497081624 
1.1196141358566547 -2.595841518041877 
1.4277640176880184 -2.256189245120047 
1.6593065648343277 -1.8872919021438372 
1.8131613538153142 -1.504387551474226 
1.8910659356801662 -1.1222613897439835 
1.8973972592872634 -0.7547500516390706 
1.8389092006903407 -0.41429210904434544 
1.7243964629387856 -0.11153850727083216 
1.5642972947059626 0.14496542268971113 
1.370249251211335 0.34901717658988685 
1.1546135365924866 0.496907014558449 
0.9299842868973741 0.5874770005063882 
0.7073261361422021 0.6221364296761145 
0.5011266166779177 0.6042326654997587 
0.32039029468021013 0.5401241145095524 
0.17399865302636558 0.4376819264546006 
0.06894966316809926 0.3063363248930914 
0.010102086100715 0.15667465607561978 
-0.0 0.0 

0.8598621743656912 -3.022052455053536 
1.2557539871952415 -2.7080079253287375 
1.5780053696835192 -2.3455975897945454 
1.818419200954098 -1.9550579555607703 
1.978153376639286 -1.5498639354764632 
2.0589488980832815 -1.1451923135795317 
2.065233352867781 -0.7552563791206948 
2.0038542036790177 -0.39285153734958256 
1.8837381123027281 -0.06896175938992974 
1.7154889156484445 0.20756150964792128 
1.5109386307440933 0.43023883381810657 
1.2826671616390974 0.5951142347925324 
1.0435071777713352 0.7008150754226842 
0.8060509103373326 0.7485198260195635 
0.5808166606119511 0.7416306403834603 
0.38142901342531627 0.6861026947311823 
0.21556927645234553 0.5898422560734456 
0.09051951046124727 0.46221988082065024 
0.01142361833886474 0.31379213014995766 
-0.01889005324142782 0.15585944273137903 
-0.0 0.0 

1.3982727586595745 -2.8137159224752137 
1.730023113132261 -2.432538802985095 
1.980526932027121 -2.017285818002803 
2.1454280065600595 -1.58935165041212 
2.2283301040350394 -1.1617718999232114 
2.233721634790439 -0.7491486222834084 
2.168555960651922 -0.3646450952926961 
2.0419060493184857 -0.01958789821732109 
1.8645575437582542 0.27685766381696314 
1.64855477641849 0.5179296758709452 
1.406715536711223 0.6994229040968385 
1.1521311758652795 0.8197498115884432 
0.8976688865857506 0.8799088419011929 
0.6554927224410402 0.8833624911817536 
0.43532096269914294 0.8353799491457115 
0.249458625271754 0.7443086686835823 
0.10401079677191426 0.6193268556706317 
0.0044221447896672 0.4709792401321519 
-0.04618172382156502 0.3105853318894321 
-0.04708777358512718 0.1497722991036587 
-0.0 0.0 

1.891986273027202 -2.5084959522942505 
2.1479595128074234 -2.072798815934652 
2.317804450195828 -1.6185522946919002 
2.4011746874156166 -1.1675873074483618 
2.4040103513678366 -0.732054117204658 
2.333409260818886 -0.32547998636576736 
2.1986274664921335 0.040475468945785326 
2.0106666022324773 0.35634788433061204 
1.7818141936062502 0.61511233076838 
1.525152882403588 0.8123377901439937 
1.2540552766794948 0.9462485735959214 
0.9816813620372591 1.017692342227587 
0.720495108399615 1.0300173778981725 
0.48181609081002014 0.9888646290754618 
0.2742275090720538 0.9012010171255559 
0.10828892633277382 0.7774950214848293 
-0.011687045617385575 0.6278912429431845 
-0.08228831216668059 0.4637560066249912 
-0.10252478562652707 0.29679061361881826 
-0.07383437485693309 0.13855498940668245 
-0.0 0.0 

2.3211310282468727 -2.117667289663231 
2.4925914269166745 -1.6423193899060853 
2.575981099911983 -1.164581629984025 
2.574975282152989 -0.7059761301213606 
2.4976477384644937 -0.27735315852392955 
2.353463465239913 0.10929646737631592 
2.153665316240924 0.44421470666883733 
1.9108081332131512 0.7201224049052156 
1.6382619818078599 0.9323747524268253 
1.3497013353168565 1.0790228475078247 
1.0585972467735771 1.160781146092321 
0.7777292187636851 1.180903578740122 
0.5187326343097289 1.1449739971292312 
0.2916962811471942 1.0606192905868237 
0.10377535647476177 0.9362663485293787 
-0.03657640280313392 0.7841474139203565 
-0.12698603837210917 0.6150272726136274 
-0.16619047485328134 0.4407059405862835 
-0.15536893293924856 0.2728671740560218 
-0.09806119359387451 0.12260914448337312 
-0.0 0.0 

2.671061387225749 -1.6545679392734696 
2.752157430245647 -1.155791710968579 
2.746245957887822 -0.6708667071667797 
2.6608984111943474 -0.22027175330349705 
2.506046655514896 0.18681316972473294 
2.2931998482174176 0.5403429060657802 
2.0352039556243167 0.8327940075499667 
1.7457385620360952 1.0593209490141056 
1.4387999862902894 1.2178175558970494 
1.1281878576103466 1.3088835540034018 
0.827011940662716 1.3356991614885771 
0.5472351225570513 1.3038135298576896 
0.29926711289627983 1.2208555177164597 
0.09162160701718797 1.0961776685955558 
-0.07021838946981848 0.9393792513038942 
-0.1801934707984816 0.7640388164757056 
-0.23795131526235033 0.5811739598131678 
-0.24442097231880408 0.4026156831157107 
-0.2029107271889228 0.23963146035456726 
-0.11894142907004356 0.10247895613625167 
-0.0 0.0 

2.929835102078852 -1.1350023236216764 
2.9177991843429028 -0.6298197518718277 
2.8227883103973848 -0.154256781646305 
2.656011733061634 0.2729499474975849 
2.4289204684879935 0.6446040317590835 
2.1546750562653765 0.9529487929095647 
1.8472861745774405 1.1929521319881384 
1.521091300283592 1.36236751877075 
1.1902353460541524 1.4616992922634096 
0.8681721502152796 1.4940753386595262 
0.567202785589307 1.4650331054347305 
0.2980652603951225 1.382227586378447 
0.06958835346467908 1.2550722931616627 
-0.11157988339081175 1.0943262446009843 
-0.24181575741627434 0.9104334898635887 
-0.31766098634628065 0.7178554852848226 
-0.34079590894090395 0.5274866334317326 
-0.3143099933596 0.3507851594270889 
-0.24352768585221837 0.19821772429190898 
-0.1357624910755459 0.07885141734276131 
-0.0 0.0 

3.0880426270469155 -0.5797902496085849 
2.9837799049162617 -0.08533744206327055 
2.8033621743847448 0.3648143626953789 
2.5612375940389285 0.754295689290135 
2.2699805627742204 1.0781267293909524 
1.9439486554371626 1.331089638237804 
1.5978367363055852 1.5108007029758475 
1.2461512944544204 1.6176745504982057 
0.9027061966322871 1.6547950092267232 
0.5801558873918125 1.6276987271373713 
0.28958064302396613 1.5440803253671183 
0.040136626510281034 1.4134302427825627 
-0.16121874479667897 1.2466184325310543 
-0.30991814795511125 1.0554386488887328 
-0.40430993905713497 0.850821645927991 
-0.4436401314051398 0.647617505790903 
-0.431553977229994 0.45622928965266346 
-0.3731852305941861 0.28735654449892756 
-0.27568347651864794 0.15031507168142552 
-0.1478977119946901 0.05268080093103845 
-0.0 0.0 

