-0.0 0.0 
0.15506902477717788 0.024547862527213905 
0.29864719605974543 0.0969837733110647 
0.4197151443708236 0.21372926235258172 
0.5081802256604843 0.3689672861483241 
0.5552997912962518 0.5548577671677123 
0.5540577699721553 0.7618293690410486 
0.4989557335681351 0.9803280960675791 
0.3880004512721062 1.195618940052658 
0.22080266215772942 1.396653924343486 
-3.1997060300512444e-4 1.5709999674152808 
-0.27053045663161923 1.706691908938074 
-0.5825766456125384 1.7927156640100077 
-0.9269845105869808 1.8194679763963464 
-1.292335426491895 1.7791768167987159 
-1.665619535282571 1.6662675546517347 
-2.032654722400448 1.4776615916721794 
-2.378558464304139 1.2129961384469181 
-2.6882579150045487 0.8747561845539563 
-2.9484767453162575 0.4655210868792596 
-3.141999739322249 -0.0012798823854739611 

-0.0 -0.0 
0.1479074715859618 0.05265339351882179 
0.27571132624715805 0.1502639829734097 
0.37323847341732097 0.28728738566304607 
0.4316385123829083 0.4561493117695892 
0.4437601319608782 0.6475352849706834 
0.40446759547402183 0.850746709785858 
0.3101137229921436 1.0553812007099388 
0.16144974937308443 1.2465885361366709 
-0.03987470705082716 1.4134376561198625 
-0.2892945088835364 1.544133960228138 
-0.5798542531722825 1.6278062062413985 
-0.9023995357391869 1.6549622587532624 
-1.245851506352055 1.617905443504136 
-1.597556746656143 1.511096767653693 
-1.9437019615955513 1.3314498430243646 
-2.2697807391777554 1.0785473545735866 
-2.561097773658122 0.7547702920514353 
-2.803294523532531 0.365333839566666 
-2.983795667327236 -0.08478452476255731 
-3.088150013322444 -0.5792180031875624 

-0.0 -0.0 
0.13569820634462768 0.07896199588948376 
0.2433661184955948 0.19841605874623183 
0.314024106932722 0.35104110908141 
0.34036605631804895 0.527764102328397 
0.3170760492813528 0.7181140431520115 
0.24107395362116527 0.9106301932647852 
0.11068830672562467 1.0944167847553392 
-0.07061082864416557 1.255015183524958 
-0.29919125224476695 1.3819842960685942 
-0.5683961491767895 1.4645705232596335 
-0.8693890744186931 1.4933675492930092 
-1.191425786847338 1.4607291310969333 
-1.5222007064044487 1.3611278446280484 
-1.8482574509625445 1.1914467654752505 
-2.1554507016641438 0.9511930785574235 
-2.4294448166397484 0.6426249939912527 
-2.6562332219697566 0.27078602346532693 
-2.8226617017421045 -0.1565564355699459 
-2.9172851064624683 -0.6321966526424078 
-2.9289094516354766 -1.13738886231595 

-0.0 -0.0 
0.1189604171141134 0.10245691367612121 
0.2029551291348767 0.23959385542589676 
0.24449557569851715 0.402570383242298 
0.23805900688360068 0.5811298557479161 
0.18033504958203772 0.7640054122139738 
0.0703924619828376 0.9393662232037059 
-0.0914184758531713 1.0961946279163584 
-0.299040874466675 1.2209109530994495 
-0.5469935071548246 1.303914914068577 
-0.8267644118204632 1.335852389804788 
-1.127945292721655 1.3090925928394295 
-1.4385742912517503 1.2180841549538048 
-1.7455422322866398 1.0596444287136009 
-2.035049597973304 0.8331711311541545 
-2.293099679425249 0.5407678431820984 
-2.5060119946662476 0.18727755495225448 
-2.6609391834454974 -0.219778665944647 
-2.7463702271531663 -0.6703577965584239 
-2.7523715594937466 -1.155281696596099 
-2.6713679446818 -1.654072944016235 

-0.0 -0.0 
0.0980839122648508 0.1225909709351429 
0.15541949451779782 0.2728383783924692 
0.1662721379743046 0.4406751367316447 
0.12710000516044306 0.6150037306295104 
0.03672171031996234 0.7841406225870311 
-0.10360185781760847 0.9362855627727792 
-0.29149973577072147 1.060673325791499 
-0.51852045350252 1.145070102351616 
-0.7775103755002726 1.1810476772719318 
-1.0583821275190552 1.1609772918314285 
-1.3495013614638909 1.0792729383279767 
-1.6380891779452236 0.9326783181240685 
-1.9106746565547226 0.7204764790050349 
-2.1535829630898826 0.4446137886851912 
-2.353443171412423 0.10973257917427258 
-2.4976990911127035 -0.27689032170658123 
-2.575106060387052 -0.7054989565958802 
-2.576196861020013 -1.1641042621993236 
-2.4928957176928197 -1.6418574666239458 
-2.321523407345008 -2.117237131062372 

-0.0 -0.0 
0.07386004882340064 0.13854130498809686 
0.10257978129746326 0.29677160994435536 
0.08237424807095382 0.463740750047637 
0.011803398171377301 0.6278890664692354 
-0.1081448490647712 0.7775150748511297 
-0.27406050534597043 0.9012518179784778 
-0.48163283882318114 0.98895389607763 
-0.7203042264150334 1.0301508731290965 
-0.981492759485858 1.0178742373578553 
-1.253879908494792 0.9464809427944609 
-1.5250023241937645 0.8126203979741196 
-1.7817001782831223 0.6154425031681594 
-2.010600533889569 0.3567204691673577 
-2.1986199283481236 0.04088288970329228 
-2.3334695345336467 -0.3250475832910104 
-2.4041459649754677 -0.7316086242603866 
-2.4013910084985732 -1.1671423324951442 
-2.3181043397595995 -1.6181227610993276 
-2.148343580428534 -2.0724007480290845 
-1.892451082850243 -2.508145310586877 

-0.0 -0.0 
0.04711552665882772 0.14976357082969574 
0.04623927672019753 0.31057676875193513 
-0.0043348688796087265 0.47098005150090655 
-0.1038960292739044 0.6193461189844625 
-0.24932069524935935 0.7443548823782754 
-0.4351661533235809 0.8354606029021103 
-0.655329017775783 0.8834839435219112 
-0.8975058177484843 0.880075171282331 
-1.1519792505592246 0.819963295691342 
-1.4065859044738418 0.6996835665752802 
-1.648458772026924 0.5182351560126792 
-1.8645062080324306 0.2772031749611224 
-2.0419096440383866 -0.019209518032195595 
-2.1686234947729424 -0.3642432400454244 
-2.2338604190563256 -0.7487346847672399 
-2.228545350448869 -1.1613589544119112 
-2.1457224879944237 -1.5889540599133194 
-1.9809007155659244 -2.0169187775094977 
-1.7304738503310813 -2.432218175518044 
-1.398794136410872 -2.813456764185752 

-0.0 -0.0 
0.01876306941759302 0.1558747805965756 
-0.01167925871505385 0.31378271927540374 
-0.09089604759794638 0.4621459818402318 
-0.21604974511109803 0.5896664376047102 
-0.38198784972108446 0.6857917195952881 
-0.5814206689521513 0.7411572071532684 
-0.8066604565002599 0.7478628937972472 
-1.0440777804179973 0.6999647051369292 
-1.2831515712111592 0.5940690576846547 
-1.5112886417709104 0.4290077403197254 
-1.7156574451955562 0.20616384441763091 
-1.8836813045172534 -0.0704964042499977 
-2.003533485384035 -0.394483932429318 
-2.0646173656133673 -0.7569386590786059 
-2.058015234943358 -1.1468693442328277 
-1.9768900572838248 -1.5514750083105933 
-1.8168258259858476 -1.9565387596546207 
-1.5760939046986246 -2.346882400882465 
-1.2535473760876508 -2.7090300802877336 
-0.8573998448442649 -3.0227519756111367 

-0.0 -0.0 
-0.01007305298880455 0.15667652537468635 
-0.06889289566423058 0.3063490965010301 
-0.17391754443603408 0.43771416213933506 
-0.3202902003035951 0.5401834758574933 
-0.5010146394234695 0.6043255174848824 
-0.7072108376514125 0.622267491605007 
-0.929875407224712 0.5876493231840535 
-1.1545214363316356 0.4971209642036198 
-1.3701845522967602 0.3492710876200993 
-1.5642704047144926 0.14525529571880322 
-1.7244171022180548 -0.1112189623125782 
-1.838985940419231 -0.41395133885566326 
-1.8975370873126998 -0.7543984373478213 
-1.8912738663034478 -1.121910942382508 
-1.8134400964970403 -1.5040515338301428 
-1.6596562650825126 -1.886984388322374 
-1.428182081237437 -2.2559246314609673 
-1.1200951447011895 -2.5956340009363457 
-0.7367334875088132 -2.892654277369333 
-0.28987338548246566 -3.1285999137615748 

0.0 -0.0 
-0.03872127266510694 0.15215013323423163 
-0.12406917891007042 0.28844902295653724 
-0.25146586184843367 0.39825358796227367 
-0.4141897264531358 0.47204964834292223 
-0.6036290352496463 0.501853552148016 
-0.8096071171740752 0.48156029302786507 
-1.022104302260524 0.4065744646439656 
-1.2262646500094208 0.276268000566972 
-1.4110512723353257 0.09127051463018325 
-1.5642972947059626 -0.14496542268971113 
-1.6745337383968788 -0.4265216981239918 
-1.7314610314055985 -0.7451628659050727 
-1.7263890125858519 -1.090570940940041 
-1.6526300142808117 -1.4506602069051882 
-1.5058309432977368 -1.811962794929037 
-1.2842320694817455 -2.1600733764654 
-0.9888424242910369 -2.4801392420431205 
-0.6235242451019511 -2.7573803719780923 
-0.19206832490849857 -2.9788143209281848 
0.2905680502489426 -3.128535473376405 

0.0 -0.0 
-0.0660480321573376 0.14243123761360532 
-0.17501129140904134 0.2607049057446745 
-0.3204322783775643 0.3452016149640137 
-0.49395399323521794 0.38780594704952925 
-0.6856430819361927 0.38225458034278587 
-0.8843735308258595 0.32441864615740335 
-1.0794513340092653 0.21162423657421198 
-1.2561585183896706 0.04598670108920039 
-1.4037623418558451 -0.16984489273273123 
-1.5109386307440935 -0.43023883381810596 
-1.567502726529251 -0.7272683152202937 
-1.5648456882251136 -1.0509438481875568 
-1.4963235990080306 -1.3895249861199523 
-1.3575860335288872 -1.7299020670452134 
-1.1468315464790857 -2.058036298027901 
-0.8649802455484689 -2.359444463175794 
-0.5157560487560457 -2.6197129037685696 
-0.10567402261392767 -2.8250242478507315 
0.35915164920803844 -2.963314882504245 
0.861093125211733 -3.0217019425669847 

0.0 -0.0 
-0.09112073751536984 0.12785152011084996 
-0.21998070628104555 0.2240635821906192 
-0.3784631427302575 0.28036877428618306 
-0.5568608457357759 0.29032739878701846 
-0.7442578452081894 0.24961021582872514 
-0.9289584879191042 0.15620540234912303 
-1.0999593917172132 0.009451802637517345 
-1.243182838516918 -0.18586400947202836 
-1.34856651382407 -0.4251639187329927 
-1.4060154105659872 -0.7008292696876735 
-1.406976767337775 -1.0031950838056096 
-1.3448260757921562 -1.320858745615696 
-1.2151924036911235 -1.6410580190875 
-1.0162110371288926 -1.950106696572631 
-0.7486936575035081 -2.233874169959897 
-0.4162088093755126 -2.4782936119431485 
-0.025068209317224078 -2.669882316672708 
0.4157825899476545 -2.7962571122656836 
0.8981146758689228 -2.8466849191627897 
1.4022312456292334 -2.811745282521354 

0.0 -0.0 
-0.11308372001870061 0.10890855001666368 
-0.2574427298767209 0.1797755290177774 
-0.42357800665646267 0.2059676486172953 
-0.6007634304253885 0.18294070258835066 
-0.7774729498059532 0.10844727898859396 
-0.9418404153868075 -0.017338741130936686 
-1.08292858667079 -0.193043197681776 
-1.1877804378896655 -0.4113716462842746 
-1.247347483791582 -0.6659731636325966 
-1.2531084012360214 -0.9475021555393436 
-1.198434210292422 -1.2448853134328395 
-1.078910913152706 -1.5456960378677285 
-0.8925897311489508 -1.8365858465771328 
-0.6401552998401765 -2.1037590622708042 
-0.3250047266751785 -2.3334755039723025 
0.04676679241479291 -2.5125647985927113 
0.46647514540347595 -2.6289353241798867 
0.9230495826948791 -2.6720607156063667 
1.406427295061131 -2.632904719830748 
1.8955147209789827 -2.5058307888905764 

0.0 -0.0 
-0.13110112362677323 0.08637994781080575 
-0.28598938180845257 0.12963824085824033 
-0.4541124482342928 0.12499153714814752 
-0.6240938391324529 0.06993482649521594 
-0.784190871897958 -0.03563251930358543 
-0.922769515100778 -0.1893684820678322 
-1.0293285732294155 -0.38792098207430864 
-1.0924643560384508 -0.6217480444565089 
-1.104443106561363 -0.8829504087824446 
-1.0585972467735771 -1.160781146092321 
-0.9504357072303026 -1.4431410071166415 
-0.7778926139012243 -1.7170055565541775 
-0.5414943691841533 -1.9688950830711767 
-0.24443815726568957 -2.185372047792447 
0.10742230690178065 -2.35354975472793 
0.5056850184596865 -2.4615953489770463 
0.9396001302096499 -2.499210194303394 
1.3963578294038126 -2.458071156875381 
1.8644118654631574 -2.3311356451138123 
2.3219934598175676 -2.116721609603975 

0.0 -0.0 
-0.14475333887724176 0.06079038479801237 
-0.3049558356934047 0.07481937099800533 
-0.4693553472106739 0.03932630220027918 
-0.6263087271849601 -0.046058422160938424 
-0.7642551569950655 -0.17927368743473726 
-0.8721899315331909 -0.3558773992994324 
-0.9404076485013247 -0.5706430185678336 
-0.9594544205659913 -0.8120937229509766 
-0.9231814992251332 -1.0710424452319505 
-0.827011940662716 -1.3356991614885771 
-0.6687569248787728 -1.5933449643522546 
-0.4487816291244929 -1.8307976538548343 
-0.1700830195719071 -2.0349043629746584 
0.1617244868467968 -2.1930449585802245 
0.5385165984480598 -2.2936294106058046 
0.9498580674377193 -2.3265722966895916 
1.3832880808800012 -2.28372811107087 
1.8246843978448395 -2.1592720644378316 
2.2614023297712103 -1.9484056309981608 
2.671735147911545 -1.6534797547638964 

0.0 -0.0 
-0.1534654847376334 0.033126198004648895 
-0.31351490968011564 0.017447103148343062 
-0.46858032216672785 -0.047681041076359634 
-0.6071492649399016 -0.16047981207285 
-0.7182373251851393 -0.3167966930239276 
-0.791844687176568 -0.5102411110350116 
-0.8193929629343544 -0.733890436164459 
-0.7937007055650235 -0.974724673939048 
-0.7104140164377346 -1.2225824819818114 
-0.567202785589307 -1.4650331054347305 
-0.3642551414163873 -1.6891720433252877 
-0.10435484986548933 -1.8821092065312128 
0.20713283807639776 -2.0314674467956446 
0.5623678787382688 -2.1258747303083076 
0.9512326654595848 -2.155433231664264 
1.3616148364165341 -2.11214915127942 
1.7797678693137058 -1.9903080996063276 
2.1907390517983654 -1.7867824173428613 
2.5812167889204107 -1.499181406166513 
2.9302971981127945 -1.133808771677263 

0.0 -0.0 
-0.1569402374610791 0.004331496930636048 
-0.3113745039818924 -0.04052059069202299 
-0.45181382276866494 -0.1330611496837654 
-0.5672693169208955 -0.2694244274005245 
-0.6477078499652685 -0.4435082198712547 
-0.6844757642564171 -0.6471915698968842 
-0.6704144450576557 -0.8720920088259242 
-0.6008599707353157 -1.1040907098458692 
-0.47340188019980783 -1.3323988366188582 
-0.28803641816563713 -1.5443691339217804 
-0.047322241074444264 -1.727351905518876 
0.24363329940076325 -1.8691890796340263 
0.5772797700543318 -1.9587016278867022 
0.9438190615569424 -1.9861537148573802 
1.3314855408796298 -1.9436775078259458 
1.726903096781807 -1.825643638371247 
2.115508632030737 -1.6289638509811817 
2.482029261522986 -1.3533143555521974 
2.8129407753592592 -0.9987938697855779 
3.088855534378982 -0.5754437311643349 

0.0 0.0 
-0.15505901242838913 -0.024611027299417387 
-0.2986076652915032 -0.09710541812462171 
-0.41962804770355894 -0.21390021407305707 
-0.5080298860036937 -0.36917426092168715 
-0.5550737259121199 -0.5550839205039512 
-0.5537473955543624 -0.7620549992728611 
-0.49855635905228507 -0.9805312625554217 
-0.38751338801169927 -1.1957768914440912 
-0.22023372189206655 -1.3967437516386345 
9.599117559226494e-4 -1.570999706737535 
0.27122564899012047 -1.706581567734132 
0.5833068535488086 -1.7924782047776728 
0.9277255874073765 -1.8190902216409273 
1.2930600605419806 -1.7786502410061311 
1.6662981451815932 -1.6655889322892314 
2.0332564738883563 -1.4768334744957157 
2.3790523765746587 -1.2120271405849241 
2.688614020753488 -0.8736610597982285 
2.948666129032641 -0.4643199968724805 
3.1419989572890383 0.002559764558575636 

0.0 0.0 
-0.14793865083143676 -0.052565726383017264 
-0.27580033231068646 -0.15010055528649766 
-0.37340866975995196 -0.2870661341017137 
-0.43190877509020303 -0.45589341956216084 
-0.4441438181167986 -0.6472721752312794 
-0.4049717225038171 -0.8505068512200776 
-0.3107391439508262 -1.0551972253643904 
-0.16218851614710666 -1.2464926334439363 
0.03903702119625509 -1.4134610397800582 
0.28837932159680674 -1.5443051404678305 
0.5788894262036394 -1.628149573052065 
0.9014185579943574 -1.6554967784031998 
1.244892430143786 -1.618643517693349 
1.5966609092231627 -1.512043299961566 
1.9429125317613924 -1.3326015510738893 
2.2691411356367976 -1.0798923587844036 
2.5606500065834825 -0.7562880031998452 
2.803077514821558 -0.36699515787241477 
2.9838453911656444 0.08301615276284069 
3.0884927465929812 0.5773876983817225 

0.0 0.0 
-0.1357449796210079 -0.0788815599978357 
-0.24348366773845265 -0.19827179210525836 
-0.31423209754536346 -0.350854939928514 
-0.3406787778147557 -0.5275622904896107 
-0.3175015864373725 -0.7179260007896021 
-0.24161359950538527 -0.9104871600050444 
-0.11133689728488541 -1.0943509927363226 
0.06986702703333315 -1.2550568108789033 
0.2983721617949017 -1.382161370125007 
0.5675280664282466 -1.4649071280515416 
0.8685038721501783 -1.493882533554813 
1.1905598712975913 -1.4614349772931612 
1.5213937618208158 -1.362029743248181 
1.8475510112119018 -1.1925419325834539 
2.1548865951661664 -0.9524703470309022 
2.42906353599547 -0.6440647002415075 
2.656072273184902 -0.27236020197229377 
2.822753989756816 0.15488354758325978 
2.9176592677250954 0.630467602226997 
2.929583014815718 1.1356528339696286 

0.0 0.0 
-0.11891867178966459 -0.10250536327325528 
-0.20285751460237705 -0.23967650858886103 
-0.24433156981787357 -0.40266994423514346 
-0.23782226597884848 -0.5812267800133488 
-0.18002381976700443 -0.7640788076608964 
-0.0700098086943792 -0.9393948193845739 
0.09186499920280827 -1.096157297983035 
0.29953818333675875 -1.220789038582553 
0.5475246068179812 -1.3036919900531776 
0.8273084978880058 -1.3355154994691343 
1.1284784532946304 -1.3086330197766518 
1.4390703540937746 -1.2174980558376338 
1.7459737298089666 -1.058933300457099 
2.0353888183942765 -0.8323420919042546 
2.2933197690105613 -0.5398337124201715 
2.5060880735912017 -0.1862567244529393 
2.6608494366310835 0.22086257170476706 
2.746096931464626 0.6714764649640116 
2.7519007313028605 1.15640276939083 
2.670693942392963 1.6551609788976822 

0.0 0.0 
-0.0980339671367122 -0.12263091489277095 
-0.15530834189240325 -0.27290166532770077 
-0.1660926167493951 -0.4407428305274386 
-0.1268494750605143 -0.6150554533347965 
-0.03640229041445136 -0.7841555159868366 
0.1039832417745995 -0.936243283249629 
0.2919317730460006 -1.060554496424497 
0.5189868506659149 -1.144858789910736 
0.7779914065120133 -1.1807308632340645 
1.0588549596288823 -1.1605460673619628 
1.349940887446674 -1.0787231342655472 
1.6384689651945163 -0.93201097101612 
1.910967981533798 -0.7196981127894121 
2.1537638962424333 -0.4437364975327274 
2.3534876753286937 -0.10877390346925986 
2.4975860936142813 0.27790772746462916 
2.5748184642825405 0.7065478582443648 
2.5757224536052292 1.1651535701330777 
2.4922267061417562 1.6428728024998804 
2.320660765817503 2.118182619604674 

0.0 0.0 
-0.07380360839386968 -0.13857138011885545 
-0.10245888394025662 -0.2968133708270519 
-0.08218533811215492 -0.46377426642644887 
-0.01154762884194097 -0.6278938224478154 
0.10846155805833783 -0.7774709579293351 
0.27442760429098345 -0.9011401056456823 
0.4820356456725356 -0.9887576226260214 
0.7207237949031338 -1.029857374329293 
0.981907305460936 -1.0174743453681983 
1.254265350069672 -0.9459701008037213 
1.5253332156639319 -0.8119991263494861 
1.7819507287508118 -0.6147166829560189 
2.0107456758775384 -0.3559014286846589 
2.1986363994363156 -0.03998728640096747 
2.33333693397353 0.32599808673519143 
2.403847747375654 0.7325878837634386 
2.4009153780396586 1.1681204336423032 
2.317445010957024 1.6190668983060579 
2.147499217208157 2.0732756961123986 
1.8914292418817118 2.508915985631 

0.0 0.0 
-0.047204276297116356 -0.14973562134397245 
-0.04642333302582795 -0.31054931033697863 
0.004055740116419873 -0.47098253786325034 
0.10352895334852057 -0.6194075845665435 
0.24887950689657776 -0.7445025124517152 
0.4346709382036226 -0.8357183589470693 
0.6548053027874667 -0.8838721714373715 
0.8969840804502749 -0.8806069267379031 
1.151493094087384 -0.8206458762883431 
1.4061709874972683 -0.7005170618342976 
1.6481513486184343 -0.5192120299523467 
1.86434159514234 -0.2783081325116364 
2.0419206700291372 0.017999369648905472 
2.168838983972297 0.36295793365349277 
2.2343037670204473 0.7474106479561536 
2.2292332425867443 1.160037995130414 
2.1466638104369964 1.5876821108018173 
1.982095701765695 2.0157444354485903 
1.731915009175261 2.43119217689459 
1.400461295909271 2.8126272697711165 

0.0 0.0 
-0.018855445865310003 -0.15586363322218677 
0.011493292219845073 -0.3137895859233529 
0.0906221391757485 -0.46219977054430833 
0.21570023925805945 -0.5897943766975198 
0.38158134573603303 -0.6860179856142826 
0.5809813173898501 -0.7415016580183447 
0.8062170912325134 -0.7483408326455168 
1.043662760487018 -0.7005833586181001 
1.28279926872618 -0.5948294176951724 
1.5110341233972424 -0.42990333556408605 
1.7155349601579548 -0.20718059869554467 
1.883722753651375 0.06938002144768206 
2.003766925830204 0.39329646190751705 
2.06506560541435 0.7557149233240427 
2.0586945697105996 1.1456494527751881 
1.9778091972834297 1.5503031249214054 
1.8179850565680704 1.9554616677642112 
1.577484516104664 2.3459479110692194 
1.2551526722487005 2.708286685221294 
0.8591911389729769 3.022243303691865 

0.0 0.0 
0.01013687377149826 -0.15667240915407124 
0.06901768014977247 -0.306321007811648 
0.17409583129458303 -0.437643281138701 
0.32051021552420156 -0.5400529619811653 
0.5012607676798516 -0.6041213808374986 
0.7074642573991617 -0.6219793601902338 
0.9301147069127291 -0.5872704930308079 
1.154723840980739 -0.4966506328101163 
1.3703267129384444 -0.3487129188993689 
1.56432944415558 -0.14461808375128696 
1.7243716545070533 0.11192138818209761 
1.8388171662595352 0.4147004088124973 
1.8972296283956749 0.7551713296581172 
1.8908167030105625 1.1226812529014036 
1.8128272760678608 1.504790107338688 
1.6588874710927788 1.8876602867707433 
1.4272630199726184 2.2565062091247703 
1.1190377296086298 2.596090052311815 
0.7355551140820457 2.8929541431118033 
0.2885989375243608 3.1287177330752947 

-0.0 0.0 
0.03878324726144673 -0.15213434764002995 
0.12418666728738248 -0.2883984598919574 
0.2516280681503526 -0.39815112120766594 
0.41438197981403224 -0.47188089048551535 
0.6038334134064962 -0.5016076243976556 
0.8098032118558153 -0.48123046253121327 
1.022269834105155 -0.40615808040542456 
1.2263770850468758 -0.275768463156916 
1.411088333982148 -0.09069572040336812 
1.564238113780277 0.14560262153244705 
1.6743598573904688 0.4272037780256266 
1.7311573483439346 0.745868108498277 
1.72594462920946 1.0912740888076737 
1.6520389559580873 1.4513332794354687 
1.5050927218461185 1.8125760394107173 
1.283352064823377 2.1605963245626367 
0.987832066462065 2.4805418376776647 
0.6224009844058849 2.757634133566414 
0.19085489968670089 2.978892312129725 
-0.29184242380084413 3.1284168519668296 

-0.0 0.0 
0.06610604552936516 -0.14240432136866318 
0.17511747409367528 -0.2606335938958195 
0.3205728684274893 -0.3450710593894707 
0.49411192361007317 -0.3876047044946091 
0.6857987350782204 -0.3819752543884391 
0.8845056082205868 -0.32405837286873124 
1.079537448822691 -0.21118450840295053 
1.256177146688879 -0.04547500562492291 
1.4036930396865002 0.17041669617638122 
1.5107632491486018 0.43085427353336053 
1.5672063463512593 0.727906771473062 
1.5644174602047851 1.0515811952514222 
1.4957574568653877 1.3901343928669585 
1.3568812515184852 1.7304549313049526 
1.1459931176566849 2.0585032849824434 
0.864019062579331 2.3597966140113713 
0.5146888753484509 2.619922777791847 
0.10452325039233902 2.8250670594036205 
-0.36035871505714145 2.9631683375202233 
-0.8623239331756478 3.0213509286861204 

-0.0 0.0 
0.09104494985490635 -0.1279055006867085 
0.219847875569671 -0.22419391518839768 
0.37829691471406884 -0.2805930225750749 
0.5566886843753228 -0.290657373359893 
0.7441097821204716 -0.2500512590502682 
0.9288657490891916 -0.15675592546686987 
1.0999535968988625 -0.010103695821565216 
1.2432927731562036 0.18512720010186634 
1.3488182518979241 0.4243646113273677 
1.4064305126009773 0.6999958665770477 
1.4075710673786097 1.0023610578422533 
1.3456086512463392 1.3200614976928189 
1.2161647691492214 1.6403375427881361 
1.017366596329336 1.9495040930126977 
0.7500174394870464 2.2334300616910516 
0.41767750580097823 2.4780465090768318 
0.026650520161437753 2.669866991026917 
-0.4141253052097249 2.7965030362195127 
-0.8964274202052143 2.8472166900859905 
-1.4005646085328791 2.812575826057876 

-0.0 0.0 
0.11301915511968758 -0.10897555035893143 
0.25733614005845945 -0.17992807179485068 
0.42345586480887165 -0.20621864745694218 
0.600654904462074 -0.18329671504327832 
0.7774085416013938 -0.10890803205087296 
0.941850525848182 0.016780553015406652 
1.0830428042252038 0.19240136230288712 
1.1880240301613316 0.41066763174034965 
1.247741956096525 0.6652338017542532 
1.2536697216871544 0.9467593299909185 
1.1991717855311412 1.2441748385118767 
1.0798267859272517 1.545056346025614 
0.8936780335243348 1.8360565275601066 
0.6414019877039848 2.103379302496194 
0.3263876121512966 2.3332824789626683 
-0.04527770374134564 2.5125920738440435 
-0.46491701561551324 2.6292113206418315 
-0.9214658143071655 2.6726072949580963 
-1.404866647723142 2.6337377815787093 
-1.894029298564816 2.506953732356876 

-0.0 0.0 
0.13113629931057813 -0.08632653707363959 
0.2860421657517655 -0.12952173335791764 
0.4541633254111601 -0.12480654570765366 
0.6241222750538991 -0.06968059831506289 
0.7841762920587092 0.03595195367506397 
0.9226922999734565 0.18974435319580113 
1.0291704696154846 0.38834024317786436 
1.092210998574589 0.6221930042942455 
1.1040833482611747 0.883400226450273 
1.0581243189266574 1.1612122655638792 
0.9498477700844705 1.4435280439484226 
0.7771931333325136 1.7173222858569064 
0.5406923019367946 1.9691154955020516 
0.2435479335517294 2.185471437484984 
-0.10838100800674695 2.353505801374503 
-0.5066876985063055 2.461389155778172 
-0.9406180965280544 2.498827244225567 
-1.3973589999883123 2.4575021516067213 
-1.8653612904916856 2.330375990250327 
-2.3228555060973406 2.115775578314786 

-0.0 0.0 
0.14477808961203942 -0.06073141500317839 
0.30498628779392384 -0.07469514212906934 
0.46937132769793544 -0.0391351087270408 
0.6262899134905053 0.04631354294432058 
0.7641820670972163 0.17958498914727195 
0.872044893794406 0.35623265320167247 
0.9401751211011942 0.5710260428932775 
0.959123537510683 0.8124844858783417 
0.9227451373496962 1.0714184110316054 
0.8264677798057164 1.3360359310074745 
0.6681078260614886 1.5936172478846329 
0.4480358230595918 1.830980311542239 
0.16925409449642737 2.0349734768532475 
-0.16261780239583143 2.192978898745711 
-0.5394508554506546 2.2934098575164357 
-0.9508057094791609 2.3261851824009687 
-1.3842182345369571 2.283164444181669 
-1.8255638181586853 2.158528606673973 
-2.2621958181701927 1.9474842952520293 
-2.6724084652734015 1.6523912958906144 

-0.0 0.0 
0.15347896584275322 -0.033063681643746054 
0.31352199068381886 -0.01731939253136195 
0.4685608605903245 0.047871911627325375 
0.6070838436938796 0.16072711882524768 
0.7181082196040863 0.3170892381287159 
0.7916367766015676 0.5105636237844209 
0.8190939473265795 0.7342241520496059 
0.7933035891293218 0.9750479041947303 
0.7099159429264028 1.222871765140939 
0.5666059625711891 1.4652640318996355 
0.3635670330467196 1.6893202812023556 
0.10358817079993787 1.8821515589532962 
-0.20796033184052642 2.0313829034381423 
-0.5632337994971003 2.1256454754036618 
-0.9521105945051218 2.155045571636735 
-1.3624750998002133 2.11159432714345 
-1.7805784664914475 1.9895829524468098 
-2.1914667094258955 1.7858898794377098 
-2.581827260915507 1.4981298324222534 
-2.930758807919313 1.132615031598719 

-0.0 0.0 
0.1569376428223157 -0.00442450735961177 
0.31139846397070015 0.04033604636907976 
0.45189260258491853 0.13279335724737462 
0.5674288926422791 0.26908818590706807 
0.6479705829385997 0.4431242756227776 
0.6848592044341062 0.6467857992425954 
0.6709311757494563 0.8716945321656278 
0.6015142084971506 1.103734414148642 
0.4741914479687123 1.3321180393168377 
0.2889516434385355 1.544198156893787 
0.04834595401146687 1.7273235564684228 
-0.2425254750608961 1.86933314150969 
-0.5761188371898144 1.9590434108092285 
-0.9426417947441741 1.9867127237729871 
-1.3303333796603143 1.9444662761183504 
-1.7258208193119575 1.8266667730129114 
-2.1145428492895326 1.6302173286155763 
-2.481226779067174 1.354785101350003 
-2.812348342615297 1.0004607937290646 
-3.0885139531438153 0.5772742513190438 

3.141999739322249 -0.0012798823854739611 
2.9484767453162575 0.4655210868792596 
2.6882579150045487 0.8747561845539563 
2.378558464304139 1.2129961384469181 
2.032654722400448 1.4776615916721794 
1.665619535282571 1.6662675546517347 
1.292335426491895 1.7791768167987159 
0.9269845105869808 1.8194679763963464 
0.5825766456125384 1.7927156640100077 
0.27053045663161923 1.706691908938074 
3.1997060300512444e-4 1.5709999674152808 
-0.22080266215772942 1.396653924343486 
-0.3880004512721062 1.195618940052658 
-0.4989557335681351 0.9803280960675791 
-0.5540577699721553 0.7618293690410486 
-0.5552997912962518 0.5548577671677123 
-0.5081802256604843 0.3689672861483241 
-0.4197151443708236 0.21372926235258172 
-0.29864719605974543 0.0969837733110647 
-0.15506902477717788 0.024547862527213905 
-0.0 0.0 

3.002971031421653 0.9242991855683812 
2.680531258249523 1.3133838637455653 
2.3113117158707257 1.6278105393683628 
1.915719597276603 1.8598167717843523 
1.5072019688063665 2.0108483844452847 
1.1008949076240073 2.0829705716518245 
0.7109137575328438 2.0809138928246242 
0.34990454794080345 2.0117979041967264 
0.02865781991131444 1.884782143739146 
-0.24420379405177609 1.7106573318378866 
-0.4624553955638537 1.5013913570797854 
-0.6224109619748383 1.2696458539346933 
-0.7229726268940575 1.0282799136236715 
-0.7655879055247495 0.7898576826962104 
-0.7538831320598561 0.5648222934654946 
-0.6941035143141345 0.3666678488997475 
-0.5943177936664714 0.20290480558975818 
-0.4640501271272875 0.08061314727231711 
-0.31396467566233877 0.004709823376987024 
-0.1554197839688776 -0.02221915279814733 
-0.0 -0.0 

2.5974678729825067 1.76785877513554 
2.174723638408469 2.044700979739441 
1.7292667951490404 2.2364179732766787 
1.2828856414757523 2.3416029618394636 
0.8480047294061198 2.3655986512730456 
0.4384802381567771 2.3148371607406806 
0.06640777942240632 2.197997044318346 
-0.2582248724516658 2.0256070485776156 
-0.5278040129433572 1.8095988295533596 
-0.737268148103312 1.562824263246611 
-0.8841938865354413 1.2985538768235036 
-0.9687884196139936 1.0299732996645206 
-0.9937904262365944 0.7696944775172079 
-0.9642841519166455 0.5292977180778281 
-0.8868112143257045 0.31769461774819113 
-0.7713146176702244 0.14594094890823409 
-0.6277174211943641 0.018837174127167292 
-0.4672067230945698 -0.05965633156031256 
-0.30142189169254985 -0.08798206185629401 
-0.14197906761766468 -0.0670145085665679 
-0.0 -0.0 

1.9590178478155458 2.4565042381278617 
1.4733423894423667 2.596052234349736 
0.9911249671953136 2.6475649754825827 
0.5335964734754924 2.6161373823816128 
0.11104765865075479 2.51054524307135 
-0.2651849848577801 2.3410281766364918 
-0.5861107659339424 2.1194516201263776 
-0.8452994566632055 1.858825658464206 
-1.0390034527554397 1.5727990415696071 
-1.1661853134031497 1.2751454092780155 
-1.2284515933088584 0.9792587415473639 
-1.2298968498720981 0.6976745220191787 
-1.176864527789485 0.441632067711158 
-1.0776340072432458 0.22069197183600542 
-0.9410882911032746 0.041434627406532615 
-0.7799934982380445 -0.08851634146516504 
-0.6052481229177793 -0.16750734224058597 
-0.42870997910568454 -0.19506089770941662 
-0.2619588546528965 -0.1731287338050581 
-0.11583364256628652 -0.10597908873841942 
-0.0 -0.0 

1.1484997369692487 2.9245704563544996 
0.6432670380238799 2.91486406506238 
0.1672710279298968 2.822047023565567 
-0.2607001670381204 2.6572420708144557 
-0.6333974189094644 2.431866918587205 
-0.9430034486235218 2.1590462004978366 
-1.1844216074312979 1.8527672427614483 
-1.3553392788382328 1.5273570110613492 
-1.4561955742501858 1.1969625932058914 
-1.490056310916252 0.875052107190566 
-1.4624021571578616 0.5739520282567466 
-1.3808385123951779 0.30443554767187103 
-1.2547380786985516 0.07537475614466164 
-1.0948291063196636 -0.1065327553163201 
-0.9115388245386381 -0.23761517493358422 
-0.7193125898040986 -0.31434757538323815 
-0.529052436915144 -0.3383600434362006 
-0.3522307147330262 -0.3126891804950428 
-0.19933852404959335 -0.24261111439859817 
-0.07947658038554621 -0.13539746367720412 
-0.0 -0.0 

0.23606727758271198 3.1331192509150823 
-0.24388985987420267 2.9750197875393267 
-0.6714260299644521 2.7461092633553705 
-1.0318630733132437 2.462551237625838 
-1.3216367497573915 2.1373921731144048 
-1.5371426749945063 1.785477078181272 
-1.6776305036405483 1.4216739757253625 
-1.7451104451245776 1.0603553811421427 
-1.7441693611473834 0.7149113508923525 
-1.6817042757832708 0.3973093615965585 
-1.566583633254278 0.11771457012547815 
-1.409248795153739 -0.11581810461985176 
-1.221270016054755 -0.2975710803919263 
-1.01487242421422 -0.42430409209616665 
-0.8011021949371686 -0.4955797345199363 
-0.5948020855705671 -0.5122845683806061 
-0.4059102582697534 -0.4791877108517935 
-0.24449557569851715 -0.402570383242298 
-0.11902950344180034 -0.29056492787395805 
-0.036067009916407544 -0.15280108244279475 
-0.0 -0.0 

-0.697313068888238 3.0636446406131483 
-1.109404718697691 2.7711813672387624 
-1.450542798691857 2.426490179078249 
-1.7114616112960779 2.0493411509701924 
-1.892598083908685 1.6532517935224431 
-1.9948805690074483 1.2534701892731708 
-2.0219716079241845 0.8644257149972385 
-1.9800258561845703 0.49926106281239185 
-1.8773709017276092 0.16942106523825096 
-1.7241229546636292 -0.11568939969572363 
-1.5317512765410948 -0.34896851837196746 
-1.3126066566830064 -0.5257944130850574 
-1.079430193216745 -0.6441113707830818 
-0.8448590719712756 -0.7044239834842615 
-0.6195782105169457 -0.7095680665395104 
-0.41751066627886924 -0.6647629980251418 
-0.24674884670183062 -0.5774937286683869 
-0.1150646482226107 -0.45672872334615305 
-0.02815816931328236 -0.31273489971687607 
0.010543036531180093 -0.15664560121721327 
0.0 -0.0 

-1.5688159896560918 2.7223115895502072 
-1.8764744011453394 2.3214368011742725 
-2.100942842809011 1.89155178920631 
-2.2391902884923973 1.4542788081799634 
-2.2956160615564274 1.0224069140631606 
-2.2755988721039135 0.610234195435978 
-2.1868891454839456 0.23047096425471253 
-2.0392398380405923 -0.10613615288005551 
-1.8439802993066778 -0.39110312676946785 
-1.613548243931638 -0.6184222380422029 
-1.3609960036535336 -0.784685209519786 
-1.099487824313812 -0.8891133359621144 
-0.8418050415752197 -0.9334951911919751 
-0.5998755136789328 -0.9220354483903732 
-0.3830747536057746 -0.8605915019042862 
-0.20317062939262337 -0.7582523955466315 
-0.06569169832596282 -0.6245547219988419 
0.02457676366713175 -0.47035835560522354 
0.06521183450515805 -0.30715373453772604 
0.05621752621273258 -0.1465898691810615 
0.0 -0.0 

-2.3032452431826016 2.13710677079006 
-2.478695949558523 1.6632171805396223 
-2.5660991349596056 1.1861973822090328 
-2.568948962629029 0.7275996340070784 
-2.4952276911635964 0.2983416988125984 
-2.354299172680998 -0.08950645515026424 
-2.15732382533952 -0.4260926103823664 
-1.916794849525415 -0.7040323180315238 
-1.6460427883076163 -0.918568527144539 
-1.3587252468022377 -1.0676374401931576 
-1.0683188085629631 -1.1518402333963729 
-0.7876298811274309 -1.1743232818756464 
-0.5283403811282857 -1.1405724184238446 
-0.30060286089304683 -1.0581294438880886 
-0.11164311168864977 -0.9353607943528933 
0.029982588856008085 -0.7844272078182217 
0.12181086407298963 -0.6160731396464154 
0.16247947756917105 -0.44208756979680985 
0.15306938013298885 -0.27416375556536016 
0.09702692255424473 -0.12342923600044113 
0.0 -0.0 

-2.8305700424702316 1.3638318205226296 
-2.858645114045585 0.8592863969267196 
-2.8016571494221454 0.377685341377949 
-2.6692938161317623 -0.061404585828207174 
-2.472399199976549 -0.44990131801909655 
-2.2234770801389385 -0.7790286734753861 
-1.9360948198313426 -1.0426590279771428 
-1.624366513401133 -1.2374156254634276 
-1.302432507532818 -1.3626791857666927 
-0.9839523622680532 -1.4205005275560858 
-0.6816276404830162 -1.4154238798782348 
-0.4067697379126251 -1.354228333892957 
-0.16892632962602722 -1.2455974049262781 
0.024422033720451316 -1.0997288594326136 
0.1688346150754059 -0.926746390741469 
0.25971689015863386 -0.7407915610793148 
0.29787971606499863 -0.5528577346452122 
0.2854939143548387 -0.3746120991990943 
0.22703689677704614 -0.2169106901511516 
0.12907988526804745 -0.08937216132100478 
0.0 -0.0 

-3.106718726875045 0.46953461223204845 
-2.984926867798624 -0.02089482935791842 
-2.788604690564125 -0.4643413397100898 
-2.5327737130508408 -0.8449599508134435 
-2.2301775773100405 -1.1582214700408195 
-1.8953504425261973 -1.3994222736600084 
-1.5430626907143283 -1.566703077333244 
-1.1877968686852498 -1.6609944607799012 
-0.8432483556893905 -1.685869867643152 
-0.5218665591782208 -1.647312749422976 
-0.2344509235685834 -1.553407147028054 
0.010185905815437964 -1.413963311872949 
0.20547772690710867 -1.2400918932664173 
0.3472797918718936 -1.0437417047131032 
0.4343304752768634 -0.8358953512526397 
0.4664047102010529 -0.6314203404248805 
0.4475156345273687 -0.44058342780178034 
0.38317449571407225 -0.27389469844132874 
0.280857854667255 -0.14040963454018052 
0.14967869436449138 -0.04738447481339409 
0.0 -0.0 

-3.1071867080497872 -0.4664276592556736 
-2.8463353548196033 -0.899221912490995 
-2.528099993601926 -1.2651637926964001 
-2.1715030291412427 -1.553536158069843 
-1.7900568279790487 -1.7637645967094322 
-1.3990362125372944 -1.895635428031799 
-1.0131039051786617 -1.9517226947780633 
-0.6458257683367862 -1.937181735654195 
-0.3092369278254255 -1.8594616216714699 
-0.013471916224014132 -1.7279474840032765 
0.2335302501263123 -1.553545822393386 
0.4262376834632075 -1.3482275168516322 
0.5616483193799665 -1.1245444256843118 
0.6393210050903684 -0.8951361083378557 
0.6612851795562286 -0.6708695188330488 
0.631705204964953 -0.4660188129466308 
0.5574403864249264 -0.289213097183424 
0.4468533460751034 -0.14887272114623235 
0.30975634686639075 -0.05144905806706505 
0.15699547462324015 -0.0011920351603695123 
0.0 0.0 

-2.8319324587785455 -1.361000569036068 
-2.4551687614326543 -1.6977547976328167 
-2.0432594473582717 -1.9537194862060339 
-1.6175398182380458 -2.124256325497097 
-1.1910919190882903 -2.2127966558820025 
-0.7785757946169954 -2.223635701286637 
-0.3932453824673296 -2.1635524188630426 
-0.04654606761873825 -2.0414694373390043 
0.2522152377500514 -1.8680504473505755 
0.4961181833083388 -1.6552494519530383 
0.6807886647817784 -1.4158276003471055 
0.8044664347443488 -1.1628541419153635 
0.8679799604488139 -0.9092083305047722 
0.8746308307041625 -0.6670988757161466 
0.8295594626701218 -0.44631278033959393 
0.740950114898357 -0.2592642035301277 
0.6178995859990385 -0.112178882247136 
0.4708797993198347 -0.010640234607948086 
0.31116800969941916 0.042076950218643265 
0.15038095737711044 0.045106182041308854 
0.0 0.0 

-2.3032452431826003 -2.137106770790061 
-1.8437914561012032 -2.347479087533732 
-1.3746367204900836 -2.4702839688344067 
-0.917534142663845 -2.5073952813719105 
-0.4839674471619165 -2.465957118460817 
-0.08667258416381911 -2.3544052036882617 
0.2636917948938532 -2.1831325285711944 
0.5588283131937433 -1.9640455484466328 
0.7929970739909641 -1.7100820566983823 
0.9631194635503931 -1.4347072519961703 
1.0687879179005382 -1.1514049620137272 
1.1121830357238824 -0.8731809062548317 
1.097902361775534 -0.6120942770584481 
1.0327079447011098 -0.378832813984229 
0.9244028696697525 -0.1812273007753706 
0.7844744923913218 -0.028718822875912733 
0.6234531475851987 0.07543323383037852 
0.45299305861264677 0.1289894912338179 
0.2848355648901532 0.1321540804277617 
0.13033462761344447 0.08753219319121826 
0.0 0.0 

-1.5715375163839935 -2.7207414126663396 
-1.0705007270108826 -2.7864409545994637 
-0.5859876826637472 -2.7656007368682793 
-0.1382343626287132 -2.6664191832846975 
0.26388942168919405 -2.4991061148179647 
0.6106976612914814 -2.2754745365512474 
0.8950660214437253 -2.008595981589354 
1.112572488942726 -1.7122927485823756 
1.261542854989643 -1.4006193719296405 
1.3430014717360457 -1.0873504710601891 
1.360530718157539 -0.7854916708340905 
1.3200454692703727 -0.506829319454549 
1.2294914964563002 -0.2615332868711884 
1.09847905765769 -0.05782525302558994 
0.9367716997468812 0.09910995183804086 
0.7581281127696877 0.20363389852446398 
0.5735715167210121 0.2557336802346489 
0.39489869671297206 0.25670219970696795 
0.2332699170964716 0.2101931154386491 
0.09876798360524912 0.1220405072693212 
0.0 0.0 

-0.7003763643617367 -3.062945795838287 
-0.20221704259514883 -2.9781425868625013 
0.2546601071073455 -2.815506567182551 
0.6533319113024979 -2.5888332147270177 
0.988329551613499 -2.310492089882036 
1.2538764669909408 -1.9946252293416715 
1.4470148310434294 -1.6558227799919758 
1.5675903900879324 -1.3085963353547811 
1.6181431874319792 -0.9668700145146063 
1.6037096432417273 -0.6435055401264949 
1.531544190103232 -0.3498762549259878 
1.4107711114761892 -0.09550325138045247 
1.2519793219563018 0.11223536605651016 
1.0667745039313115 0.2683135437545127 
0.8660142787352882 0.3706524909218853 
0.664507766741361 0.41791677154716933 
0.47279290644426125 0.4133411032258805 
0.3017622341323722 0.36163594131590315 
0.16100461141896813 0.26958025725528767 
0.05843697128093663 0.14571932057044112 
0.0 0.0 

0.23293404082035482 -3.1333537515938255 
0.6840107627432418 -2.9055729687019407 
1.0727101390561127 -2.6155729692681517 
1.3869235127303845 -2.2815221168850432 
1.6250683446079754 -1.9168520744577797 
1.785790115921154 -1.5367789892753971 
1.870559977075027 -1.1561169370634936 
1.8835051219060475 -0.7887790918588574 
1.831154450165739 -0.447323573756413 
1.722109533537016 -0.1425578987672071 
1.5666531220906892 0.1167861080929389 
1.376309246765462 0.324297482672756 
1.1633703375260418 0.4760445964030505 
0.9404076485013251 0.5706430185678333 
0.7184094034293148 0.6093044633550093 
0.5119210370322792 0.595114990437811 
0.33006010192288143 0.534269902875557 
0.18184831526187925 0.43447921726639144 
0.07445224971824005 0.3050456728293205 
0.012920441131015193 0.15646744773587884 
-0.0 0.0 

1.1455745927505037 -2.9257174936149455 
1.5095415482778276 -2.5751717057359453 
1.7955711592225128 -2.183541438161484 
1.9974437701037617 -1.7717557352168134 
2.1176035506594273 -1.3531164777041875 
2.159238220249701 -0.9425636892077394 
2.1281173606957124 -0.5538208185916396 
2.032283378814897 -0.1989680079628539 
1.88167467623834 0.11191699068210569 
1.6876946990431594 0.37103989384110625 
1.4627420550420642 0.5730852296223649 
1.2197179154480164 0.7153210515112395 
0.9715274330141959 0.7976110874986925 
0.730591899027893 0.8223353799240413 
0.5070550783159862 0.7938886241494892 
0.3139080026286353 0.719504528050867 
0.15803877500674476 0.6077892279354477 
0.04579773393819218 0.4687681383862672 
-0.018706776558148404 0.31344226982141943 
-0.03374260938659471 0.1533311328849549 
-0.0 0.0 

1.9590178478155469 -2.4565042381278612 
2.2031353975884915 -2.014055465942435 
2.36065526428591 -1.5553892513448908 
2.431820539581428 -1.1023379079347186 
2.4228972025749 -0.6668869062702648 
2.3413456767453167 -0.26236696054574643 
2.1967334105778464 0.09981644579437497 
2.000313534857525 0.4104994059262349 
1.7645587466588062 0.6629912741431092 
1.5026665423922632 0.8532158357501816 
1.2280525938676972 0.979759065635435 
0.9538492060959027 1.0438235923901202 
0.6924254135320049 1.0490929638001734 
0.4549443783808333 1.001511663726228 
0.24979808803696005 0.9082757924843528 
0.0872596423163103 0.7801350875475539 
-0.02863378978536428 0.6273468785947114 
-0.0947782107817399 0.46136546333791834 
-0.11049979059394385 0.29391460712032424 
-0.07754799406310527 0.13651120326474525 
-0.0 0.0 

2.5956987157681852 -1.7704553586462979 
2.698655343920927 -1.275728942497983 
2.714079409136967 -0.7910132495089652 
2.6486342468832196 -0.3371003207316178 
2.5118383211738515 0.07640188664244874 
2.3147478060528845 0.4389516993626489 
2.069865310036454 0.7424679106248935 
1.7906440434033668 0.9815079774632709 
1.4909741369586758 1.153352124427025 
1.1846682434614175 1.257992509092975 
0.8849633238256647 1.2980296281223445 
0.6040547708451769 1.2784810650999805 
0.3526777806292594 1.2065104156410833 
0.13974918773414038 1.0910866897399345 
-0.02883107736621097 0.9415586912019364 
-0.14641220999672128 0.7712253009101011 
-0.2121576116377747 0.5910779541009419 
-0.22647503644519937 0.4129770669990594 
-0.19217395883447053 0.2483247260058636 
-0.11431869305774163 0.10761150690130612 
-0.0 0.0 

3.002045230904744 -0.927301693949753 
2.9547048816348003 -0.42419814054693994 
2.826664461069643 0.04355484503317387 
2.6304162644914686 0.45805051631752236 
2.3778866014893785 0.8129110101710355 
2.0827463056553577 1.1013191300794514 
1.7593237023551491 1.3192350474162553 
1.4220782846914628 1.4654205376645253 
1.085085049540968 1.5413680401716765 
0.7615461135166564 1.5511387806987729 
0.4633451192732064 1.5011170175724802 
0.20065836558811415 1.3996900443739344 
-0.018365398193504308 1.2568658290164443 
-0.18784691774823103 1.0838420251551835 
-0.30490186128011537 0.8912905558727306 
-0.36709189128886266 0.6938793435100701 
-0.37685521692092927 0.5023585825677505 
-0.3380751611195517 0.3279423507782871 
-0.25679519864098904 0.18069926938129818 
-0.1409451014148406 0.06916269505420025 
-0.0 0.0 

