0
0
0.5
0
0.3333333333333333
0
0.75
0.6666666666666666
0.6
0
0.6666666666666666
0
0.7142857142857143
0.4
0.875
0
0.7777777777777778
0
0.8
0.5714285714285714
0.8181818181818182
0
0.8333333333333334
0.8
0.8461538461538461
0.8888888888888888
0.7142857142857143
0
0.7333333333333333
0
0.9375
0.7272727272727273
0.8823529411764706
0.7428571428571429
0.8888888888888888
0
0.8947368421052632
0.7692307692307693
0.9
0
0.8095238095238095
0
0.9090909090909091
0.6666666666666666
0.9130434782608695
0
0.9166666666666666
0.8571428571428571
0.92
0.8235294117647058
0.8461538461538461
0
0.9259259259259259
0.8363636363636363
0.9285714285714286
0.8421052631578947
0.9310344827586207
0
0.8666666666666667
0
0.9354838709677419
0.8571428571428571
0.96875
0.6153846153846154
0.6363636363636364
0
0.9411764705882353
0.8695652173913043
0.7714285714285715
0
0.9444444444444444
0
0.9459459459459459
0.88
0.8947368421052632
0.8831168831168831
0.8974358974358975
0
0.95
0.9629629629629629
0.9512195121951219
0
0.9047619047619048
0.7058823529411765
0.9534883720930233
0.896551724137931
0.9545454545454546
0
0.9111111111111111
0.46153846153846156
0.9565217391304348
0.9032258064516129
0.9574468085106383
0.9052631578947369
0.9583333333333334
0
0.9591836734693877
0.9090909090909091
0.96
