0	0	0	0
0	2.56222e-05	20	0
0	5.12444e-05	20	0
0	7.68666e-05	20	0
0	0.000102489	20	0
0	0.000128111	20	0
0	0.000153733	20	0
0	0.000179355	20	0
0	0.000204978	20	0
0	0.0002306	20	0
0	0.000256222	20	0
0	0.000281844	20	0
0	0.000307466	20	0
0	0.000333089	20	0
0	0.000358711	20	0
0	0.000384333	20	0
0	0.000409955	20	0
0	0.000435577	20	0
0	0.0004612	20	0
0	0.000486822	20	0
0	0.000512444	20	0
0	0.000538066	20	0
0	0.000563688	20	0
0	0.000589311	20	0
0	0.000614933	20	0
0	0.000640555	20	0
0	0.000666177	20	0
0	0.000691799	20	0
0	0.000717422	20	0
0	0.000743044	20	0
0	0.000768666	20	0
0	0.000794288	20	0
0	0.00081991	20	0
0	0.000845533	20	0
0	0.000871155	20	0
0	0.000896777	20	0
0	0.000922399	20	0
0	0.000948021	20	0
0	0.000973644	20	0
0	0.000999266	20	0
0	0.00102489	20	0
0	0.00105051	20	0
0	0.00107613	20	0
0	0.00110175	20	0
0	0.00112738	20	0
0	0.001153	20	0
0	0.00117862	20	0
0	0.00120424	20	0
0	0.00122987	20	0
0	0.00125549	20	0
0	0.00128111	20	0
0	0.00130673	20	0
0	0.00133235	20	0
0	0.00135798	20	0
0	0.0013836	20	0
0	0.00140922	20	0
0	0.00143484	20	0
0	0.00146047	20	0
0	0.00148609	20	0
0	0.00151171	20	0
0	0.00153733	20	0
0	0.00156295	20	0
0	0.00158858	20	0
0	0.0016142	20	0
0	0.00163982	20	0
0	0.00166544	20	0
0	0.00169107	20	0
0	0.00171669	20	0
0	0.00174231	20	0
0	0.00176793	20	0
0	0.00179355	20	0
0	0.00181918	20	0
0	0.0018448	20	0
0	0.00187042	20	0
0	0.00189604	20	0
0	0.00192166	20	0
0	0.00194729	20	0
0	0.00197291	20	0
0	0.00199853	20	0
0	0.00202415	20	0
0	0.00204978	20	0
0	0.0020754	20	0
0	0.00210102	20	0
0	0.00212664	20	0
0	0.00215226	20	0
0	0.00217789	20	0
0	0.00220351	20	0
0	0.00222913	20	0
0	0.00225475	20	0
0	0.00228038	20	0
0	0.002306	20	0
0	0.00233162	20	0
0	0.00235724	20	0
0	0.00238286	20	0
0	0.00240849	20	0
0	0.00243411	20	0
0	0.00245973	20	0
0	0.00248535	20	0
0	0.00251098	20	0
0	0.0025366	20	0
0	0.00256222	20	0
0	0.00258784	20	0
0	0.00261346	20	0
0	0.00263909	20	0
0	0.00266471	20	0
0	0.00269033	20	0
0	0.00271595	20	0
0	0.00274158	20	0
0	0.0027672	20	0
0	0.00279282	20	0
0	0.00281844	20	0
0	0.00284406	20	0
0	0.00286969	20	0
0	0.00289531	20	0
0	0.00292093	20	0
0	0.00294655	20	0
0	0.00297217	20	0
0	0.0029978	20	0
0	0.00302342	20	0
0	0.00304904	20	0
0	0.00307466	20	0
0	0.00310029	20	0
0	0.00312591	20	0
0	0.00315153	20	0
0	0.00317715	20	0
0	0.00320277	20	0
0	0.0032284	20	0
0	0.00325402	20	0
0	0.00327964	20	0
0	0.00330526	20	0
0	0.00333089	20	0
0	0.00335651	20	0
0	0.00338213	20	0
0	0.00340775	20	0
0	0.00343337	20	0
0	0.003459	20	0
0	0.00348462	20	0
0	0.00351024	20	0
0	0.00353586	20	0
0	0.00356149	20	0
0	0.00358711	20	0
0	0.00361273	20	0
0	0.00363835	20	0
0	0.00366397	20	0
0	0.0036896	20	0
0	0.00371522	20	0
0	0.00374084	20	0
0	0.00376646	20	0
0	0.00379209	20	0
0	0.00381771	20	0
0	0.00384333	20	0
0	0.00386895	20	0
0	0.00389457	20	0
0	0.0039202	20	0
0	0.00394582	20	0
0	0.00397144	20	0
0	0.00399706	20	0
0	0.00402269	20	0
0	0.00404831	20	0
0	0.00407393	20	0
0	0.00409955	20	0
0	0.00412517	20	0
0	0.0041508	20	0
0	0.00417642	20	0
0	0.00420204	20	0
0	0.00422766	20	0
0	0.00425328	20	0
0	0.00427891	20	0
0	0.00430453	20	0
0	0.00433015	20	0
0	0.00435577	20	0
0	0.0043814	20	0
0	0.00440702	20	0
0	0.00443264	20	0
0	0.00445826	20	0
0	0.00448388	20	0
0	0.00450951	20	0
0	0.00453513	20	0
0	0.00456075	20	0
0	0.00458637	20	0
0	0.004612	20	0
0	0.00463762	20	0
0	0.00466324	20	0
0	0.00468886	20	0
0	0.00471448	20	0
0	0.00474011	20	0
0	0.00476573	20	0
0	0.00479135	20	0
0	0.00481697	20	0
0	0.0048426	20	0
0	0.00486822	20	0
0	0.00489384	20	0
0	0.00491946	20	0
0	0.00494508	20	0
0	0.00497071	20	0
0	0.00499633	20	0
0	0.00502195	20	0
0	0.00504757	20	0
0	0.0050732	20	0
0	0.00509882	20	0
0	0.00512444	20	0
0	0.00515006	20	0
0	0.00517568	20	0
0	0.00520131	20	0
0	0.00522693	20	0
0	0.00525255	20	0
0	0.00527817	20	0
0	0.00530379	20	0
0	0.00532942	20	0
0	0.00535504	20	0
0	0.00538066	20	0
0	0.00540628	20	0
0	0.00543191	20	0
0	0.00545753	20	0
0	0.00548315	20	0
0	0.00550877	20	0
0	0.00553439	20	0
0	0.00556002	20	0
0	0.00558564	20	0
0	0.00561126	20	0
0	0.00563688	20	0
0	0.00566251	20	0
0	0.00568813	20	0
0	0.00571375	20	0
0	0.00573937	20	0
0	0.00576499	20	0
0	0.00579062	20	0
0	0.00581624	20	0
0	0.00584186	20	0
0	0.00586748	20	0
0	0.00589311	20	0
0	0.00591873	20	0
0	0.00594435	20	0
0	0.00596997	20	0
0	0.00599559	20	0
0	0.00602122	20	0
0	0.00604684	20	0
0	0.00607246	20	0
0	0.00609808	20	0
0	0.00612371	20	0
0	0.00614933	20	0
0	0.00617495	20	0
0	0.00620057	20	0
0	0.00622619	20	0
0	0.00625182	20	0
0	0.00627744	20	0
0	0.00630306	20	0
0	0.00632868	20	0
0	0.0063543	20	0
0	0.00637993	20	0
0	0.00640555	20	0

0.05	0	0	0
0.05	2.56222e-05	0.888874	0.000113612
0.05	5.12444e-05	1.77757	0.000454359
0.05	7.68666e-05	2.66556	0.00102179
0.05	0.000102489	3.55196	0.00181472
0.05	0.000128111	4.43553	0.00283091
0.05	0.000153733	5.31472	0.00406669
0.05	0.000179355	6.18763	0.00551663
0.05	0.000204978	7.05206	0.00717332
0.05	0.0002306	7.90556	0.00902706
0.05	0.000256222	8.74545	0.0110657
0.05	0.000281844	9.56884	0.0132746
0.05	0.000307466	10.3728	0.0156364
0.05	0.000333089	11.1541	0.0181316
0.05	0.000358711	11.91	0.020738
0.05	0.000384333	12.6373	0.0234317
0.05	0.000409955	13.3333	0.0261872
0.05	0.000435577	13.9956	0.0289778
0.05	0.0004612	14.6218	0.0317763
0.05	0.000486822	15.2102	0.0345558
0.05	0.000512444	15.7593	0.0372899
0.05	0.000538066	16.2683	0.0399538
0.05	0.000563688	16.7367	0.0425247
0.05	0.000589311	17.1646	0.0449822
0.05	0.000614933	17.5525	0.047309
0.05	0.000640555	17.9016	0.0494912
0.05	0.000666177	18.2131	0.0515184
0.05	0.000691799	18.4889	0.0533835
0.05	0.000717422	18.7312	0.0550834
0.05	0.000743044	18.9423	0.0566178
0.05	0.000768666	19.1246	0.0579898
0.05	0.000794288	19.2808	0.0592049
0.05	0.00081991	19.4135	0.0602709
0.05	0.000845533	19.5253	0.0611973
0.05	0.000871155	19.6187	0.0619947
0.05	0.000896777	19.696	0.0626746
0.05	0.000922399	19.7595	0.063249
0.05	0.000948021	19.8112	0.0637298
0.05	0.000973644	19.8529	0.0641283
0.05	0.000999266	19.8863	0.0644558
0.05	0.00102489	19.9127	0.0647223
0.05	0.00105051	19.9336	0.0649372
0.05	0.00107613	19.9498	0.065109
0.05	0.00110175	19.9624	0.065245
0.05	0.00112738	19.972	0.0653518
0.05	0.001153	19.9794	0.0654348
0.05	0.00117862	19.9849	0.0654988
0.05	0.00120424	19.989	0.0655477
0.05	0.00122987	19.9921	0.0655847
0.05	0.00125549	19.9943	0.0656125
0.05	0.00128111	19.996	0.0656332
0.05	0.00130673	19.9972	0.0656484
0.05	0.00133235	19.998	0.0656596
0.05	0.00135798	19.9986	0.0656676
0.05	0.0013836	19.9991	0.0656734
0.05	0.00140922	19.9994	0.0656776
0.05	0.00143484	19.9996	0.0656805
0.05	0.00146047	19.9997	0.0656825
0.05	0.00148609	19.9998	0.065684
0.05	0.00151171	19.9999	0.0656849
0.05	0.00153733	19.9999	0.0656856
0.05	0.00156295	19.9999	0.0656861
0.05	0.00158858	20	0.0656864
0.05	0.0016142	20	0.0656866
0.05	0.00163982	20	0.0656867
0.05	0.00166544	20	0.0656868
0.05	0.00169107	20	0.0656868
0.05	0.00171669	20	0.0656869
0.05	0.00174231	20	0.0656869
0.05	0.00176793	20	0.0656869
0.05	0.00179355	20	0.0656869
0.05	0.00181918	20	0.0656869
0.05	0.0018448	20	0.0656869
0.05	0.00187042	20	0.0656869
0.05	0.00189604	20	0.0656869
0.05	0.00192166	20	0.0656869
0.05	0.00194729	20	0.0656869
0.05	0.00197291	20	0.0656869
0.05	0.00199853	20	0.0656869
0.05	0.00202415	20	0.0656869
0.05	0.00204978	20	0.0656869
0.05	0.0020754	20	0.0656869
0.05	0.00210102	20	0.0656869
0.05	0.00212664	20	0.0656869
0.05	0.00215226	20	0.0656869
0.05	0.00217789	20	0.0656869
0.05	0.00220351	20	0.0656869
0.05	0.00222913	20	0.0656869
0.05	0.00225475	20	0.0656869
0.05	0.00228038	20	0.0656869
0.05	0.002306	20	0.0656869
0.05	0.00233162	20	0.0656869
0.05	0.00235724	20	0.0656869
0.05	0.00238286	20	0.0656869
0.05	0.00240849	20	0.0656869
0.05	0.00243411	20	0.0656869
0.05	0.00245973	20	0.0656869
0.05	0.00248535	20	0.0656869
0.05	0.00251098	20	0.0656869
0.05	0.0025366	20	0.0656869
0.05	0.00256222	20	0.0656869
0.05	0.00258784	20	0.0656869
0.05	0.00261346	20	0.0656869
0.05	0.00263909	20	0.0656869
0.05	0.00266471	20	0.0656869
0.05	0.00269033	20	0.0656869
0.05	0.00271595	20	0.0656869
0.05	0.00274158	20	0.0656869
0.05	0.0027672	20	0.0656869
0.05	0.00279282	20	0.0656869
0.05	0.00281844	20	0.0656869
0.05	0.00284406	20	0.0656869
0.05	0.00286969	20	0.0656869
0.05	0.00289531	20	0.0656869
0.05	0.00292093	20	0.0656869
0.05	0.00294655	20	0.0656869
0.05	0.00297217	20	0.0656869
0.05	0.0029978	20	0.0656869
0.05	0.00302342	20	0.0656869
0.05	0.00304904	20	0.0656869
0.05	0.00307466	20	0.0656869
0.05	0.00310029	20	0.0656869
0.05	0.00312591	20	0.0656869
0.05	0.00315153	20	0.0656869
0.05	0.00317715	20	0.0656869
0.05	0.00320277	20	0.0656869
0.05	0.0032284	20	0.0656869
0.05	0.00325402	20	0.0656869
0.05	0.00327964	20	0.0656869
0.05	0.00330526	20	0.0656869
0.05	0.00333089	20	0.0656869
0.05	0.00335651	20	0.0656869
0.05	0.00338213	20	0.0656869
0.05	0.00340775	20	0.0656869
0.05	0.00343337	20	0.0656869
0.05	0.003459	20	0.0656869
0.05	0.00348462	20	0.0656869
0.05	0.00351024	20	0.0656869
0.05	0.00353586	20	0.0656869
0.05	0.00356149	20	0.0656869
0.05	0.00358711	20	0.0656869
0.05	0.00361273	20	0.0656869
0.05	0.00363835	20	0.0656869
0.05	0.00366397	20	0.0656869
0.05	0.0036896	20	0.0656869
0.05	0.00371522	20	0.0656869
0.05	0.00374084	20	0.0656869
0.05	0.00376646	20	0.0656869
0.05	0.00379209	20	0.0656869
0.05	0.00381771	20	0.0656869
0.05	0.00384333	20	0.0656869
0.05	0.00386895	20	0.0656869
0.05	0.00389457	20	0.0656869
0.05	0.0039202	20	0.0656869
0.05	0.00394582	20	0.0656869
0.05	0.00397144	20	0.0656869
0.05	0.00399706	20	0.0656869
0.05	0.00402269	20	0.0656869
0.05	0.00404831	20	0.0656869
0.05	0.00407393	20	0.0656869
0.05	0.00409955	20	0.0656869
0.05	0.00412517	20	0.0656869
0.05	0.0041508	20	0.0656869
0.05	0.00417642	20	0.0656869
0.05	0.00420204	20	0.0656869
0.05	0.00422766	20	0.0656869
0.05	0.00425328	20	0.0656869
0.05	0.00427891	20	0.0656869
0.05	0.00430453	20	0.0656869
0.05	0.00433015	20	0.0656869
0.05	0.00435577	20	0.0656869
0.05	0.0043814	20	0.0656869
0.05	0.00440702	20	0.0656869
0.05	0.00443264	20	0.0656869
0.05	0.00445826	20	0.0656869
0.05	0.00448388	20	0.0656869
0.05	0.00450951	20	0.0656869
0.05	0.00453513	20	0.0656869
0.05	0.00456075	20	0.0656869
0.05	0.00458637	20	0.0656869
0.05	0.004612	20	0.0656869
0.05	0.00463762	20	0.0656869
0.05	0.00466324	20	0.0656869
0.05	0.00468886	20	0.0656869
0.05	0.00471448	20	0.0656869
0.05	0.00474011	20	0.0656869
0.05	0.00476573	20	0.0656869
0.05	0.00479135	20	0.0656869
0.05	0.00481697	20	0.0656869
0.05	0.0048426	20	0.0656869
0.05	0.00486822	20	0.0656869
0.05	0.00489384	20	0.0656869
0.05	0.00491946	20	0.0656869
0.05	0.00494508	20	0.0656869
0.05	0.00497071	20	0.0656869
0.05	0.00499633	20	0.0656869
0.05	0.00502195	20	0.0656869
0.05	0.00504757	20	0.0656869
0.05	0.0050732	20	0.0656869
0.05	0.00509882	20	0.0656869
0.05	0.00512444	20	0.0656869
0.05	0.00515006	20	0.0656869
0.05	0.00517568	20	0.0656869
0.05	0.00520131	20	0.0656869
0.05	0.00522693	20	0.0656869
0.05	0.00525255	20	0.0656869
0.05	0.00527817	20	0.0656869
0.05	0.00530379	20	0.0656869
0.05	0.00532942	20	0.0656869
0.05	0.00535504	20	0.0656869
0.05	0.00538066	20	0.0656869
0.05	0.00540628	20	0.0656869
0.05	0.00543191	20	0.0656869
0.05	0.00545753	20	0.0656869
0.05	0.00548315	20	0.0656869
0.05	0.00550877	20	0.0656869
0.05	0.00553439	20	0.0656869
0.05	0.00556002	20	0.0656869
0.05	0.00558564	20	0.0656869
0.05	0.00561126	20	0.0656869
0.05	0.00563688	20	0.0656869
0.05	0.00566251	20	0.0656869
0.05	0.00568813	20	0.0656869
0.05	0.00571375	20	0.0656869
0.05	0.00573937	20	0.0656869
0.05	0.00576499	20	0.0656869
0.05	0.00579062	20	0.0656869
0.05	0.00581624	20	0.0656869
0.05	0.00584186	20	0.0656869
0.05	0.00586748	20	0.0656869
0.05	0.00589311	20	0.0656869
0.05	0.00591873	20	0.0656869
0.05	0.00594435	20	0.0656869
0.05	0.00596997	20	0.0656869
0.05	0.00599559	20	0.0656869
0.05	0.00602122	20	0.0656869
0.05	0.00604684	20	0.0656869
0.05	0.00607246	20	0.0656869
0.05	0.00609808	20	0.0656869
0.05	0.00612371	20	0.0656869
0.05	0.00614933	20	0.0656869
0.05	0.00617495	20	0.0656869
0.05	0.00620057	20	0.0656869
0.05	0.00622619	20	0.0656869
0.05	0.00625182	20	0.0656869
0.05	0.00627744	20	0.0656869
0.05	0.00630306	20	0.0656869
0.05	0.00632868	20	0.0656869
0.05	0.0063543	20	0.0656869
0.05	0.00637993	20	0.0656869
0.05	0.00640555	20	0.0656869

0.1	0	0	0
0.1	2.56222e-05	0.628966	4.02273e-05
0.1	5.12444e-05	1.25789	0.000160898
0.1	7.68666e-05	1.88663	0.000361955
0.1	0.000102489	2.51498	0.000643251
0.1	0.000128111	3.14261	0.0010045
0.1	0.000153733	3.76914	0.00144525
0.1	0.000179355	4.39408	0.0019648
0.1	0.000204978	5.01687	0.0025622
0.1	0.0002306	5.63685	0.00323619
0.1	0.000256222	6.2533	0.00398517
0.1	0.000281844	6.86543	0.00480717
0.1	0.000307466	7.47236	0.0056998
0.1	0.000333089	8.07318	0.00666026
0.1	0.000358711	8.66691	0.00768529
0.1	0.000384333	9.25253	0.00877119
0.1	0.000409955	9.82899	0.0099138
0.1	0.000435577	10.3952	0.0111085
0.1	0.0004612	10.9501	0.0123503
0.1	0.000486822	11.4927	0.0136337
0.1	0.000512444	12.0217	0.0149529
0.1	0.000538066	12.5364	0.0163018
0.1	0.000563688	13.0355	0.0176739
0.1	0.000589311	13.5183	0.0190628
0.1	0.000614933	13.9838	0.0204615
0.1	0.000640555	14.4314	0.0218634
0.1	0.000666177	14.8602	0.0232615
0.1	0.000691799	15.2698	0.0246492
0.1	0.000717422	15.6598	0.02602
0.1	0.000743044	16.0297	0.0273677
0.1	0.000768666	16.3793	0.0286862
0.1	0.000794288	16.7086	0.02997
0.1	0.00081991	17.0176	0.0312142
0.1	0.000845533	17.3065	0.0324141
0.1	0.000871155	17.5755	0.0335659
0.1	0.000896777	17.825	0.0346661
0.1	0.000922399	18.0555	0.0357122
0.1	0.000948021	18.2677	0.0367018
0.1	0.000973644	18.4622	0.0376337
0.1	0.000999266	18.6397	0.038507
0.1	0.00102489	18.801	0.0393214
0.1	0.00105051	18.9471	0.0400773
0.1	0.00107613	19.0787	0.0407755
0.1	0.00110175	19.1969	0.0414173
0.1	0.00112738	19.3026	0.0420045
0.1	0.001153	19.3966	0.042539
0.1	0.00117862	19.4799	0.0430234
0.1	0.00120424	19.5535	0.0434602
0.1	0.00122987	19.6181	0.0438523
0.1	0.00125549	19.6746	0.0442024
0.1	0.00128111	19.7238	0.0445137
0.1	0.00130673	19.7665	0.044789
0.1	0.00133235	19.8034	0.0450315
0.1	0.00135798	19.8351	0.045244
0.1	0.0013836	19.8622	0.0454294
0.1	0.00140922	19.8853	0.0455903
0.1	0.00143484	19.905	0.0457293
0.1	0.00146047	19.9215	0.0458489
0.1	0.00148609	19.9355	0.0459513
0.1	0.00151171	19.9472	0.0460385
0.1	0.00153733	19.9569	0.0461124
0.1	0.00156295	19.965	0.0461749
0.1	0.00158858	19.9717	0.0462273
0.1	0.0016142	19.9772	0.0462712
0.1	0.00163982	19.9817	0.0463077
0.1	0.00166544	19.9853	0.046338
0.1	0.00169107	19.9883	0.0463629
0.1	0.00171669	19.9907	0.0463834
0.1	0.00174231	19.9927	0.0464002
0.1	0.00176793	19.9942	0.0464138
0.1	0.00179355	19.9955	0.0464249
0.1	0.00181918	19.9965	0.0464338
0.1	0.0018448	19.9973	0.0464409
0.1	0.00187042	19.9979	0.0464466
0.1	0.00189604	19.9984	0.0464512
0.1	0.00192166	19.9987	0.0464548
0.1	0.00194729	19.999	0.0464576
0.1	0.00197291	19.9993	0.0464598
0.1	0.00199853	19.9994	0.0464616
0.1	0.00202415	19.9996	0.0464629
0.1	0.00204978	19.9997	0.046464
0.1	0.0020754	19.9998	0.0464648
0.1	0.00210102	19.9998	0.0464654
0.1	0.00212664	19.9999	0.0464659
0.1	0.00215226	19.9999	0.0464662
0.1	0.00217789	19.9999	0.0464665
0.1	0.00220351	19.9999	0.0464667
0.1	0.00222913	20	0.0464669
0.1	0.00225475	20	0.046467
0.1	0.00228038	20	0.0464671
0.1	0.002306	20	0.0464671
0.1	0.00233162	20	0.0464672
0.1	0.00235724	20	0.0464672
0.1	0.00238286	20	0.0464673
0.1	0.00240849	20	0.0464673
0.1	0.00243411	20	0.0464673
0.1	0.00245973	20	0.0464673
0.1	0.00248535	20	0.0464673
0.1	0.00251098	20	0.0464673
0.1	0.0025366	20	0.0464673
0.1	0.00256222	20	0.0464673
0.1	0.00258784	20	0.0464673
0.1	0.00261346	20	0.0464673
0.1	0.00263909	20	0.0464673
0.1	0.00266471	20	0.0464673
0.1	0.00269033	20	0.0464673
0.1	0.00271595	20	0.0464673
0.1	0.00274158	20	0.0464673
0.1	0.0027672	20	0.0464673
0.1	0.00279282	20	0.0464673
0.1	0.00281844	20	0.0464673
0.1	0.00284406	20	0.0464673
0.1	0.00286969	20	0.0464673
0.1	0.00289531	20	0.0464673
0.1	0.00292093	20	0.0464673
0.1	0.00294655	20	0.0464673
0.1	0.00297217	20	0.0464673
0.1	0.0029978	20	0.0464673
0.1	0.00302342	20	0.0464673
0.1	0.00304904	20	0.0464673
0.1	0.00307466	20	0.0464673
0.1	0.00310029	20	0.0464673
0.1	0.00312591	20	0.0464673
0.1	0.00315153	20	0.0464673
0.1	0.00317715	20	0.0464673
0.1	0.00320277	20	0.0464673
0.1	0.0032284	20	0.0464673
0.1	0.00325402	20	0.0464673
0.1	0.00327964	20	0.0464673
0.1	0.00330526	20	0.0464673
0.1	0.00333089	20	0.0464673
0.1	0.00335651	20	0.0464673
0.1	0.00338213	20	0.0464673
0.1	0.00340775	20	0.0464673
0.1	0.00343337	20	0.0464673
0.1	0.003459	20	0.0464673
0.1	0.00348462	20	0.0464673
0.1	0.00351024	20	0.0464673
0.1	0.00353586	20	0.0464673
0.1	0.00356149	20	0.0464673
0.1	0.00358711	20	0.0464673
0.1	0.00361273	20	0.0464673
0.1	0.00363835	20	0.0464673
0.1	0.00366397	20	0.0464673
0.1	0.0036896	20	0.0464673
0.1	0.00371522	20	0.0464673
0.1	0.00374084	20	0.0464673
0.1	0.00376646	20	0.0464673
0.1	0.00379209	20	0.0464673
0.1	0.00381771	20	0.0464673
0.1	0.00384333	20	0.0464673
0.1	0.00386895	20	0.0464673
0.1	0.00389457	20	0.0464673
0.1	0.0039202	20	0.0464673
0.1	0.00394582	20	0.0464673
0.1	0.00397144	20	0.0464673
0.1	0.00399706	20	0.0464673
0.1	0.00402269	20	0.0464673
0.1	0.00404831	20	0.0464673
0.1	0.00407393	20	0.0464673
0.1	0.00409955	20	0.0464673
0.1	0.00412517	20	0.0464673
0.1	0.0041508	20	0.0464673
0.1	0.00417642	20	0.0464673
0.1	0.00420204	20	0.0464673
0.1	0.00422766	20	0.0464673
0.1	0.00425328	20	0.0464673
0.1	0.00427891	20	0.0464673
0.1	0.00430453	20	0.0464673
0.1	0.00433015	20	0.0464673
0.1	0.00435577	20	0.0464673
0.1	0.0043814	20	0.0464673
0.1	0.00440702	20	0.0464673
0.1	0.00443264	20	0.0464673
0.1	0.00445826	20	0.0464673
0.1	0.00448388	20	0.0464673
0.1	0.00450951	20	0.0464673
0.1	0.00453513	20	0.0464673
0.1	0.00456075	20	0.0464673
0.1	0.00458637	20	0.0464673
0.1	0.004612	20	0.0464673
0.1	0.00463762	20	0.0464673
0.1	0.00466324	20	0.0464673
0.1	0.00468886	20	0.0464673
0.1	0.00471448	20	0.0464673
0.1	0.00474011	20	0.0464673
0.1	0.00476573	20	0.0464673
0.1	0.00479135	20	0.0464673
0.1	0.00481697	20	0.0464673
0.1	0.0048426	20	0.0464673
0.1	0.00486822	20	0.0464673
0.1	0.00489384	20	0.0464673
0.1	0.00491946	20	0.0464673
0.1	0.00494508	20	0.0464673
0.1	0.00497071	20	0.0464673
0.1	0.00499633	20	0.0464673
0.1	0.00502195	20	0.0464673
0.1	0.00504757	20	0.0464673
0.1	0.0050732	20	0.0464673
0.1	0.00509882	20	0.0464673
0.1	0.00512444	20	0.0464673
0.1	0.00515006	20	0.0464673
0.1	0.00517568	20	0.0464673
0.1	0.00520131	20	0.0464673
0.1	0.00522693	20	0.0464673
0.1	0.00525255	20	0.0464673
0.1	0.00527817	20	0.0464673
0.1	0.00530379	20	0.0464673
0.1	0.00532942	20	0.0464673
0.1	0.00535504	20	0.0464673
0.1	0.00538066	20	0.0464673
0.1	0.00540628	20	0.0464673
0.1	0.00543191	20	0.0464673
0.1	0.00545753	20	0.0464673
0.1	0.00548315	20	0.0464673
0.1	0.00550877	20	0.0464673
0.1	0.00553439	20	0.0464673
0.1	0.00556002	20	0.0464673
0.1	0.00558564	20	0.0464673
0.1	0.00561126	20	0.0464673
0.1	0.00563688	20	0.0464673
0.1	0.00566251	20	0.0464673
0.1	0.00568813	20	0.0464673
0.1	0.00571375	20	0.0464673
0.1	0.00573937	20	0.0464673
0.1	0.00576499	20	0.0464673
0.1	0.00579062	20	0.0464673
0.1	0.00581624	20	0.0464673
0.1	0.00584186	20	0.0464673
0.1	0.00586748	20	0.0464673
0.1	0.00589311	20	0.0464673
0.1	0.00591873	20	0.0464673
0.1	0.00594435	20	0.0464673
0.1	0.00596997	20	0.0464673
0.1	0.00599559	20	0.0464673
0.1	0.00602122	20	0.0464673
0.1	0.00604684	20	0.0464673
0.1	0.00607246	20	0.0464673
0.1	0.00609808	20	0.0464673
0.1	0.00612371	20	0.0464673
0.1	0.00614933	20	0.0464673
0.1	0.00617495	20	0.0464673
0.1	0.00620057	20	0.0464673
0.1	0.00622619	20	0.0464673
0.1	0.00625182	20	0.0464673
0.1	0.00627744	20	0.0464673
0.1	0.00630306	20	0.0464673
0.1	0.00632868	20	0.0464673
0.1	0.0063543	20	0.0464673
0.1	0.00637993	20	0.0464673
0.1	0.00640555	20	0.0464673

0.15	0	0	0
0.15	2.56222e-05	0.513694	2.19111e-05
0.15	5.12444e-05	1.02737	8.7641e-05
0.15	7.68666e-05	1.54096	0.000197173
0.15	0.000102489	2.05438	0.000350463
0.15	0.000128111	2.56748	0.000547427
0.15	0.000153733	3.08009	0.000787928
0.15	0.000179355	3.59199	0.00107176
0.15	0.000204978	4.10293	0.00139864
0.15	0.0002306	4.61262	0.00176819
0.15	0.000256222	5.12072	0.00217993
0.15	0.000281844	5.62687	0.00263326
0.15	0.000307466	6.13068	0.00312746
0.15	0.000333089	6.63171	0.00366167
0.15	0.000358711	7.12951	0.00423489
0.15	0.000384333	7.62358	0.00484595
0.15	0.000409955	8.11341	0.00549354
0.15	0.000435577	8.59848	0.00617619
0.15	0.0004612	9.07821	0.00689225
0.15	0.000486822	9.55205	0.00763992
0.15	0.000512444	10.0194	0.00841722
0.15	0.000538066	10.4797	0.00922202
0.15	0.000563688	10.9324	0.010052
0.15	0.000589311	11.3768	0.0109048
0.15	0.000614933	11.8124	0.0117779
0.15	0.000640555	12.2386	0.0126684
0.15	0.000666177	12.6548	0.0135737
0.15	0.000691799	13.0607	0.0144909
0.15	0.000717422	13.4555	0.015417
0.15	0.000743044	13.839	0.016349
0.15	0.000768666	14.2106	0.0172838
0.15	0.000794288	14.57	0.0182186
0.15	0.00081991	14.9168	0.0191501
0.15	0.000845533	15.2507	0.0200755
0.15	0.000871155	15.5714	0.0209919
0.15	0.000896777	15.8789	0.0218964
0.15	0.000922399	16.1729	0.0227864
0.15	0.000948021	16.4534	0.0236593
0.15	0.000973644	16.7203	0.0245127
0.15	0.000999266	16.9736	0.0253444
0.15	0.00102489	17.2135	0.0261523
0.15	0.00105051	17.4401	0.0269347
0.15	0.00107613	17.6535	0.0276899
0.15	0.00110175	17.8541	0.0284166
0.15	0.00112738	18.042	0.0291135
0.15	0.001153	18.2176	0.0297798
0.15	0.00117862	18.3813	0.0304148
0.15	0.00120424	18.5334	0.0310179
0.15	0.00122987	18.6745	0.031589
0.15	0.00125549	18.8048	0.0321281
0.15	0.00128111	18.925	0.0326352
0.15	0.00130673	19.0355	0.0331108
0.15	0.00133235	19.1368	0.0335553
0.15	0.00135798	19.2293	0.0339696
0.15	0.0013836	19.3137	0.0343543
0.15	0.00140922	19.3904	0.0347105
0.15	0.00143484	19.4599	0.0350392
0.15	0.00146047	19.5226	0.0353416
0.15	0.00148609	19.5792	0.0356188
0.15	0.00151171	19.63	0.0358722
0.15	0.00153733	19.6756	0.0361031
0.15	0.00156295	19.7162	0.0363128
0.15	0.00158858	19.7525	0.0365026
0.15	0.0016142	19.7846	0.0366739
0.15	0.00163982	19.8131	0.036828
0.15	0.00166544	19.8382	0.0369662
0.15	0.00169107	19.8604	0.0370897
0.15	0.00171669	19.8798	0.0371998
0.15	0.00174231	19.8968	0.0372975
0.15	0.00176793	19.9116	0.0373841
0.15	0.00179355	19.9245	0.0374605
0.15	0.00181918	19.9357	0.0375277
0.15	0.0018448	19.9454	0.0375867
0.15	0.00187042	19.9537	0.0376382
0.15	0.00189604	19.9609	0.0376832
0.15	0.00192166	19.9671	0.0377222
0.15	0.00194729	19.9723	0.037756
0.15	0.00197291	19.9768	0.0377852
0.15	0.00199853	19.9806	0.0378104
0.15	0.00202415	19.9838	0.037832
0.15	0.00204978	19.9866	0.0378504
0.15	0.0020754	19.9889	0.0378662
0.15	0.00210102	19.9908	0.0378796
0.15	0.00212664	19.9924	0.0378909
0.15	0.00215226	19.9938	0.0379005
0.15	0.00217789	19.9949	0.0379086
0.15	0.00220351	19.9958	0.0379154
0.15	0.00222913	19.9966	0.0379211
0.15	0.00225475	19.9972	0.0379258
0.15	0.00228038	19.9978	0.0379298
0.15	0.002306	19.9982	0.037933
0.15	0.00233162	19.9985	0.0379358
0.15	0.00235724	19.9988	0.037938
0.15	0.00238286	19.9991	0.0379398
0.15	0.00240849	19.9992	0.0379413
0.15	0.00243411	19.9994	0.0379426
0.15	0.00245973	19.9995	0.0379436
0.15	0.00248535	19.9996	0.0379444
0.15	0.00251098	19.9997	0.037945
0.15	0.0025366	19.9998	0.0379456
0.15	0.00256222	19.9998	0.037946
0.15	0.00258784	19.9999	0.0379464
0.15	0.00261346	19.9999	0.0379466
0.15	0.00263909	19.9999	0.0379468
0.15	0.00266471	19.9999	0.037947
0.15	0.00269033	19.9999	0.0379472
0.15	0.00271595	20	0.0379473
0.15	0.00274158	20	0.0379474
0.15	0.0027672	20	0.0379474
0.15	0.00279282	20	0.0379475
0.15	0.00281844	20	0.0379475
0.15	0.00284406	20	0.0379476
0.15	0.00286969	20	0.0379476
0.15	0.00289531	20	0.0379476
0.15	0.00292093	20	0.0379476
0.15	0.00294655	20	0.0379476
0.15	0.00297217	20	0.0379476
0.15	0.0029978	20	0.0379476
0.15	0.00302342	20	0.0379476
0.15	0.00304904	20	0.0379476
0.15	0.00307466	20	0.0379477
0.15	0.00310029	20	0.0379477
0.15	0.00312591	20	0.0379477
0.15	0.00315153	20	0.0379477
0.15	0.00317715	20	0.0379477
0.15	0.00320277	20	0.0379477
0.15	0.0032284	20	0.0379477
0.15	0.00325402	20	0.0379477
0.15	0.00327964	20	0.0379477
0.15	0.00330526	20	0.0379477
0.15	0.00333089	20	0.0379477
0.15	0.00335651	20	0.0379477
0.15	0.00338213	20	0.0379477
0.15	0.00340775	20	0.0379477
0.15	0.00343337	20	0.0379477
0.15	0.003459	20	0.0379477
0.15	0.00348462	20	0.0379477
0.15	0.00351024	20	0.0379477
0.15	0.00353586	20	0.0379477
0.15	0.00356149	20	0.0379477
0.15	0.00358711	20	0.0379477
0.15	0.00361273	20	0.0379477
0.15	0.00363835	20	0.0379477
0.15	0.00366397	20	0.0379477
0.15	0.0036896	20	0.0379477
0.15	0.00371522	20	0.0379477
0.15	0.00374084	20	0.0379477
0.15	0.00376646	20	0.0379477
0.15	0.00379209	20	0.0379477
0.15	0.00381771	20	0.0379477
0.15	0.00384333	20	0.0379477
0.15	0.00386895	20	0.0379477
0.15	0.00389457	20	0.0379477
0.15	0.0039202	20	0.0379477
0.15	0.00394582	20	0.0379477
0.15	0.00397144	20	0.0379477
0.15	0.00399706	20	0.0379477
0.15	0.00402269	20	0.0379477
0.15	0.00404831	20	0.0379477
0.15	0.00407393	20	0.0379477
0.15	0.00409955	20	0.0379477
0.15	0.00412517	20	0.0379477
0.15	0.0041508	20	0.0379477
0.15	0.00417642	20	0.0379477
0.15	0.00420204	20	0.0379477
0.15	0.00422766	20	0.0379477
0.15	0.00425328	20	0.0379477
0.15	0.00427891	20	0.0379477
0.15	0.00430453	20	0.0379477
0.15	0.00433015	20	0.0379477
0.15	0.00435577	20	0.0379477
0.15	0.0043814	20	0.0379477
0.15	0.00440702	20	0.0379477
0.15	0.00443264	20	0.0379477
0.15	0.00445826	20	0.0379477
0.15	0.00448388	20	0.0379477
0.15	0.00450951	20	0.0379477
0.15	0.00453513	20	0.0379477
0.15	0.00456075	20	0.0379477
0.15	0.00458637	20	0.0379477
0.15	0.004612	20	0.0379477
0.15	0.00463762	20	0.0379477
0.15	0.00466324	20	0.0379477
0.15	0.00468886	20	0.0379477
0.15	0.00471448	20	0.0379477
0.15	0.00474011	20	0.0379477
0.15	0.00476573	20	0.0379477
0.15	0.00479135	20	0.0379477
0.15	0.00481697	20	0.0379477
0.15	0.0048426	20	0.0379477
0.15	0.00486822	20	0.0379477
0.15	0.00489384	20	0.0379477
0.15	0.00491946	20	0.0379477
0.15	0.00494508	20	0.0379477
0.15	0.00497071	20	0.0379477
0.15	0.00499633	20	0.0379477
0.15	0.00502195	20	0.0379477
0.15	0.00504757	20	0.0379477
0.15	0.0050732	20	0.0379477
0.15	0.00509882	20	0.0379477
0.15	0.00512444	20	0.0379477
0.15	0.00515006	20	0.0379477
0.15	0.00517568	20	0.0379477
0.15	0.00520131	20	0.0379477
0.15	0.00522693	20	0.0379477
0.15	0.00525255	20	0.0379477
0.15	0.00527817	20	0.0379477
0.15	0.00530379	20	0.0379477
0.15	0.00532942	20	0.0379477
0.15	0.00535504	20	0.0379477
0.15	0.00538066	20	0.0379477
0.15	0.00540628	20	0.0379477
0.15	0.00543191	20	0.0379477
0.15	0.00545753	20	0.0379477
0.15	0.00548315	20	0.0379477
0.15	0.00550877	20	0.0379477
0.15	0.00553439	20	0.0379477
0.15	0.00556002	20	0.0379477
0.15	0.00558564	20	0.0379477
0.15	0.00561126	20	0.0379477
0.15	0.00563688	20	0.0379477
0.15	0.00566251	20	0.0379477
0.15	0.00568813	20	0.0379477
0.15	0.00571375	20	0.0379477
0.15	0.00573937	20	0.0379477
0.15	0.00576499	20	0.0379477
0.15	0.00579062	20	0.0379477
0.15	0.00581624	20	0.0379477
0.15	0.00584186	20	0.0379477
0.15	0.00586748	20	0.0379477
0.15	0.00589311	20	0.0379477
0.15	0.00591873	20	0.0379477
0.15	0.00594435	20	0.0379477
0.15	0.00596997	20	0.0379477
0.15	0.00599559	20	0.0379477
0.15	0.00602122	20	0.0379477
0.15	0.00604684	20	0.0379477
0.15	0.00607246	20	0.0379477
0.15	0.00609808	20	0.0379477
0.15	0.00612371	20	0.0379477
0.15	0.00614933	20	0.0379477
0.15	0.00617495	20	0.0379477
0.15	0.00620057	20	0.0379477
0.15	0.00622619	20	0.0379477
0.15	0.00625182	20	0.0379477
0.15	0.00627744	20	0.0379477
0.15	0.00630306	20	0.0379477
0.15	0.00632868	20	0.0379477
0.15	0.0063543	20	0.0379477
0.15	0.00637993	20	0.0379477
0.15	0.00640555	20	0.0379477

0.2	0	0	0
0.2	2.56222e-05	0.444942	1.42369e-05
0.2	5.12444e-05	0.889874	5.69464e-05
0.2	7.68666e-05	1.33476	0.000128121
0.2	0.000102489	1.77955	0.000227743
0.2	0.000128111	2.22416	0.000355776
0.2	0.000153733	2.66849	0.000512162
0.2	0.000179355	3.11242	0.000696815
0.2	0.000204978	3.55581	0.000909613
0.2	0.0002306	3.99849	0.0011504
0.2	0.000256222	4.44028	0.00141897
0.2	0.000281844	4.88097	0.00171506
0.2	0.000307466	5.32033	0.00203838
0.2	0.000333089	5.75811	0.00238855
0.2	0.000358711	6.19405	0.00276514
0.2	0.000384333	6.62787	0.00316765
0.2	0.000409955	7.05926	0.00359551
0.2	0.000435577	7.48792	0.00404808
0.2	0.0004612	7.9135	0.00452464
0.2	0.000486822	8.33566	0.00502438
0.2	0.000512444	8.75406	0.00554643
0.2	0.000538066	9.16833	0.00608983
0.2	0.000563688	9.57809	0.00665353
0.2	0.000589311	9.98297	0.00723641
0.2	0.000614933	10.3826	0.00783729
0.2	0.000640555	10.7766	0.00845487
0.2	0.000666177	11.1645	0.00908783
0.2	0.000691799	11.546	0.00973474
0.2	0.000717422	11.9208	0.0103941
0.2	0.000743044	12.2884	0.0110645
0.2	0.000768666	12.6485	0.0117442
0.2	0.000794288	13.0008	0.0124316
0.2	0.00081991	13.3449	0.0131252
0.2	0.000845533	13.6806	0.0138231
0.2	0.000871155	14.0075	0.0145237
0.2	0.000896777	14.3253	0.0152253
0.2	0.000922399	14.634	0.0159262
0.2	0.000948021	14.9331	0.0166247
0.2	0.000973644	15.2225	0.0173192
0.2	0.000999266	15.5021	0.0180079
0.2	0.00102489	15.7718	0.0186893
0.2	0.00105051	16.0314	0.0193619
0.2	0.00107613	16.2809	0.0200242
0.2	0.00110175	16.5201	0.0206748
0.2	0.00112738	16.7492	0.0213123
0.2	0.001153	16.9682	0.0219356
0.2	0.00117862	17.177	0.0225435
0.2	0.00120424	17.3759	0.023135
0.2	0.00122987	17.5648	0.023709
0.2	0.00125549	17.744	0.0242649
0.2	0.00128111	17.9136	0.0248019
0.2	0.00130673	18.0738	0.0253194
0.2	0.00133235	18.2248	0.0258168
0.2	0.00135798	18.3669	0.0262939
0.2	0.0013836	18.5002	0.0267503
0.2	0.00140922	18.6252	0.027186
0.2	0.00143484	18.742	0.0276007
0.2	0.00146047	18.851	0.0279947
0.2	0.00148609	18.9525	0.0283679
0.2	0.00151171	19.0468	0.0287208
0.2	0.00153733	19.1343	0.0290535
0.2	0.00156295	19.2152	0.0293665
0.2	0.00158858	19.2898	0.0296602
0.2	0.0016142	19.3586	0.0299351
0.2	0.00163982	19.4218	0.0301919
0.2	0.00166544	19.4798	0.0304311
0.2	0.00169107	19.5329	0.0306535
0.2	0.00171669	19.5814	0.0308596
0.2	0.00174231	19.6256	0.0310503
0.2	0.00176793	19.6657	0.0312262
0.2	0.00179355	19.7022	0.0313882
0.2	0.00181918	19.7352	0.0315369
0.2	0.0018448	19.765	0.0316732
0.2	0.00187042	19.7918	0.0317977
0.2	0.00189604	19.816	0.0319112
0.2	0.00192166	19.8377	0.0320145
0.2	0.00194729	19.8571	0.0321082
0.2	0.00197291	19.8744	0.032193
0.2	0.00199853	19.8899	0.0322696
0.2	0.00202415	19.9036	0.0323386
0.2	0.00204978	19.9158	0.0324006
0.2	0.0020754	19.9266	0.0324562
0.2	0.00210102	19.9362	0.032506
0.2	0.00212664	19.9446	0.0325504
0.2	0.00215226	19.952	0.0325899
0.2	0.00217789	19.9585	0.0326251
0.2	0.00220351	19.9642	0.0326562
0.2	0.00222913	19.9692	0.0326837
0.2	0.00225475	19.9735	0.032708
0.2	0.00228038	19.9773	0.0327293
0.2	0.002306	19.9806	0.0327481
0.2	0.00233162	19.9834	0.0327645
0.2	0.00235724	19.9858	0.0327788
0.2	0.00238286	19.988	0.0327913
0.2	0.00240849	19.9898	0.0328022
0.2	0.00243411	19.9913	0.0328116
0.2	0.00245973	19.9927	0.0328198
0.2	0.00248535	19.9938	0.0328269
0.2	0.00251098	19.9948	0.032833
0.2	0.0025366	19.9956	0.0328382
0.2	0.00256222	19.9963	0.0328427
0.2	0.00258784	19.9969	0.0328465
0.2	0.00261346	19.9974	0.0328498
0.2	0.00263909	19.9979	0.0328526
0.2	0.00266471	19.9982	0.032855
0.2	0.00269033	19.9985	0.032857
0.2	0.00271595	19.9988	0.0328587
0.2	0.00274158	19.999	0.0328601
0.2	0.0027672	19.9992	0.0328613
0.2	0.00279282	19.9993	0.0328623
0.2	0.00281844	19.9994	0.0328632
0.2	0.00284406	19.9995	0.0328639
0.2	0.00286969	19.9996	0.0328645
0.2	0.00289531	19.9997	0.032865
0.2	0.00292093	19.9998	0.0328654
0.2	0.00294655	19.9998	0.0328658
0.2	0.00297217	19.9998	0.032866
0.2	0.0029978	19.9999	0.0328663
0.2	0.00302342	19.9999	0.0328665
0.2	0.00304904	19.9999	0.0328666
0.2	0.00307466	19.9999	0.0328667
0.2	0.00310029	19.9999	0.0328669
0.2	0.00312591	20	0.0328669
0.2	0.00315153	20	0.032867
0.2	0.00317715	20	0.0328671
0.2	0.00320277	20	0.0328671
0.2	0.0032284	20	0.0328672
0.2	0.00325402	20	0.0328672
0.2	0.00327964	20	0.0328672
0.2	0.00330526	20	0.0328672
0.2	0.00333089	20	0.0328672
0.2	0.00335651	20	0.0328673
0.2	0.00338213	20	0.0328673
0.2	0.00340775	20	0.0328673
0.2	0.00343337	20	0.0328673
0.2	0.003459	20	0.0328673
0.2	0.00348462	20	0.0328673
0.2	0.00351024	20	0.0328673
0.2	0.00353586	20	0.0328673
0.2	0.00356149	20	0.0328673
0.2	0.00358711	20	0.0328673
0.2	0.00361273	20	0.0328673
0.2	0.00363835	20	0.0328673
0.2	0.00366397	20	0.0328673
0.2	0.0036896	20	0.0328673
0.2	0.00371522	20	0.0328673
0.2	0.00374084	20	0.0328673
0.2	0.00376646	20	0.0328673
0.2	0.00379209	20	0.0328673
0.2	0.00381771	20	0.0328673
0.2	0.00384333	20	0.0328673
0.2	0.00386895	20	0.0328673
0.2	0.00389457	20	0.0328673
0.2	0.0039202	20	0.0328673
0.2	0.00394582	20	0.0328673
0.2	0.00397144	20	0.0328673
0.2	0.00399706	20	0.0328673
0.2	0.00402269	20	0.0328673
0.2	0.00404831	20	0.0328673
0.2	0.00407393	20	0.0328673
0.2	0.00409955	20	0.0328673
0.2	0.00412517	20	0.0328673
0.2	0.0041508	20	0.0328673
0.2	0.00417642	20	0.0328673
0.2	0.00420204	20	0.0328673
0.2	0.00422766	20	0.0328673
0.2	0.00425328	20	0.0328673
0.2	0.00427891	20	0.0328673
0.2	0.00430453	20	0.0328673
0.2	0.00433015	20	0.0328673
0.2	0.00435577	20	0.0328673
0.2	0.0043814	20	0.0328673
0.2	0.00440702	20	0.0328673
0.2	0.00443264	20	0.0328673
0.2	0.00445826	20	0.0328673
0.2	0.00448388	20	0.0328673
0.2	0.00450951	20	0.0328673
0.2	0.00453513	20	0.0328673
0.2	0.00456075	20	0.0328673
0.2	0.00458637	20	0.0328673
0.2	0.004612	20	0.0328673
0.2	0.00463762	20	0.0328673
0.2	0.00466324	20	0.0328673
0.2	0.00468886	20	0.0328673
0.2	0.00471448	20	0.0328673
0.2	0.00474011	20	0.0328673
0.2	0.00476573	20	0.0328673
0.2	0.00479135	20	0.0328673
0.2	0.00481697	20	0.0328673
0.2	0.0048426	20	0.0328673
0.2	0.00486822	20	0.0328673
0.2	0.00489384	20	0.0328673
0.2	0.00491946	20	0.0328673
0.2	0.00494508	20	0.0328673
0.2	0.00497071	20	0.0328673
0.2	0.00499633	20	0.0328673
0.2	0.00502195	20	0.0328673
0.2	0.00504757	20	0.0328673
0.2	0.0050732	20	0.0328673
0.2	0.00509882	20	0.0328673
0.2	0.00512444	20	0.0328673
0.2	0.00515006	20	0.0328673
0.2	0.00517568	20	0.0328673
0.2	0.00520131	20	0.0328673
0.2	0.00522693	20	0.0328673
0.2	0.00525255	20	0.0328673
0.2	0.00527817	20	0.0328673
0.2	0.00530379	20	0.0328673
0.2	0.00532942	20	0.0328673
0.2	0.00535504	20	0.0328673
0.2	0.00538066	20	0.0328673
0.2	0.00540628	20	0.0328673
0.2	0.00543191	20	0.0328673
0.2	0.00545753	20	0.0328673
0.2	0.00548315	20	0.0328673
0.2	0.00550877	20	0.0328673
0.2	0.00553439	20	0.0328673
0.2	0.00556002	20	0.0328673
0.2	0.00558564	20	0.0328673
0.2	0.00561126	20	0.0328673
0.2	0.00563688	20	0.0328673
0.2	0.00566251	20	0.0328673
0.2	0.00568813	20	0.0328673
0.2	0.00571375	20	0.0328673
0.2	0.00573937	20	0.0328673
0.2	0.00576499	20	0.0328673
0.2	0.00579062	20	0.0328673
0.2	0.00581624	20	0.0328673
0.2	0.00584186	20	0.0328673
0.2	0.00586748	20	0.0328673
0.2	0.00589311	20	0.0328673
0.2	0.00591873	20	0.0328673
0.2	0.00594435	20	0.0328673
0.2	0.00596997	20	0.0328673
0.2	0.00599559	20	0.0328673
0.2	0.00602122	20	0.0328673
0.2	0.00604684	20	0.0328673
0.2	0.00607246	20	0.0328673
0.2	0.00609808	20	0.0328673
0.2	0.00612371	20	0.0328673
0.2	0.00614933	20	0.0328673
0.2	0.00617495	20	0.0328673
0.2	0.00620057	20	0.0328673
0.2	0.00622619	20	0.0328673
0.2	0.00625182	20	0.0328673
0.2	0.00627744	20	0.0328673
0.2	0.00630306	20	0.0328673
0.2	0.00632868	20	0.0328673
0.2	0.0063543	20	0.0328673
0.2	0.00637993	20	0.0328673
0.2	0.00640555	20	0.0328673

0.25	0	0	0
0.25	2.56222e-05	0.398009	1.01896e-05
0.25	5.12444e-05	0.796011	4.07577e-05
0.25	7.68666e-05	1.19398	9.17006e-05
0.25	0.000102489	1.59189	0.000163009
0.25	0.000128111	1.98969	0.000254664
0.25	0.000153733	2.38731	0.000366637
0.25	0.000179355	2.78467	0.000498883
0.25	0.000204978	3.18169	0.00065134
0.25	0.0002306	3.57825	0.000823926
0.25	0.000256222	3.97423	0.00101654
0.25	0.000281844	4.36951	0.00122904
0.25	0.000307466	4.76394	0.00146128
0.25	0.000333089	5.15736	0.00171307
0.25	0.000358711	5.54958	0.00198417
0.25	0.000384333	5.94044	0.00227434
0.25	0.000409955	6.32974	0.00258328
0.25	0.000435577	6.71726	0.00291065
0.25	0.0004612	7.10279	0.00325608
0.25	0.000486822	7.4861	0.00361914
0.25	0.000512444	7.86695	0.00399937
0.25	0.000538066	8.2451	0.00439626
0.25	0.000563688	8.6203	0.00480926
0.25	0.000589311	8.99229	0.00523777
0.25	0.000614933	9.3608	0.00568114
0.25	0.000640555	9.72556	0.00613867
0.25	0.000666177	10.0863	0.00660963
0.25	0.000691799	10.4428	0.00709324
0.25	0.000717422	10.7947	0.00758867
0.25	0.000743044	11.1417	0.00809505
0.25	0.000768666	11.4837	0.00861149
0.25	0.000794288	11.8203	0.00913704
0.25	0.00081991	12.1512	0.00967072
0.25	0.000845533	12.4762	0.0102115
0.25	0.000871155	12.7952	0.0107585
0.25	0.000896777	13.1077	0.0113105
0.25	0.000922399	13.4136	0.0118664
0.25	0.000948021	13.7127	0.0124253
0.25	0.000973644	14.0048	0.012986
0.25	0.000999266	14.2896	0.0135474
0.25	0.00102489	14.5671	0.0141084
0.25	0.00105051	14.837	0.014668
0.25	0.00107613	15.0992	0.0152251
0.25	0.00110175	15.3536	0.0157786
0.25	0.00112738	15.6001	0.0163274
0.25	0.001153	15.8386	0.0168707
0.25	0.00117862	16.069	0.0174073
0.25	0.00120424	16.2913	0.0179365
0.25	0.00122987	16.5054	0.0184572
0.25	0.00125549	16.7114	0.0189686
0.25	0.00128111	16.9093	0.01947
0.25	0.00130673	17.0991	0.0199606
0.25	0.00133235	17.2808	0.0204396
0.25	0.00135798	17.4546	0.0209066
0.25	0.0013836	17.6205	0.0213609
0.25	0.00140922	17.7786	0.021802
0.25	0.00143484	17.9291	0.0222294
0.25	0.00146047	18.072	0.0226429
0.25	0.00148609	18.2077	0.023042
0.25	0.00151171	18.3361	0.0234266
0.25	0.00153733	18.4575	0.0237964
0.25	0.00156295	18.5722	0.0241514
0.25	0.00158858	18.6802	0.0244915
0.25	0.0016142	18.7818	0.0248166
0.25	0.00163982	18.8773	0.0251268
0.25	0.00166544	18.9668	0.0254223
0.25	0.00169107	19.0506	0.0257031
0.25	0.00171669	19.1289	0.0259696
0.25	0.00174231	19.2019	0.0262219
0.25	0.00176793	19.2699	0.0264604
0.25	0.00179355	19.3332	0.0266853
0.25	0.00181918	19.3919	0.0268971
0.25	0.0018448	19.4462	0.027096
0.25	0.00187042	19.4965	0.0272826
0.25	0.00189604	19.5429	0.0274573
0.25	0.00192166	19.5857	0.0276204
0.25	0.00194729	19.6251	0.0277725
0.25	0.00197291	19.6613	0.0279141
0.25	0.00199853	19.6944	0.0280456
0.25	0.00202415	19.7248	0.0281675
0.25	0.00204978	19.7525	0.0282802
0.25	0.0020754	19.7778	0.0283844
0.25	0.00210102	19.8008	0.0284804
0.25	0.00212664	19.8217	0.0285687
0.25	0.00215226	19.8407	0.0286497
0.25	0.00217789	19.8579	0.028724
0.25	0.00220351	19.8734	0.028792
0.25	0.00222913	19.8874	0.028854
0.25	0.00225475	19.9	0.0289106
0.25	0.00228038	19.9114	0.028962
0.25	0.002306	19.9216	0.0290086
0.25	0.00233162	19.9307	0.0290509
0.25	0.00235724	19.9389	0.0290892
0.25	0.00238286	19.9462	0.0291237
0.25	0.00240849	19.9527	0.0291548
0.25	0.00243411	19.9585	0.0291827
0.25	0.00245973	19.9636	0.0292078
0.25	0.00248535	19.9682	0.0292303
0.25	0.00251098	19.9722	0.0292504
0.25	0.0025366	19.9757	0.0292683
0.25	0.00256222	19.9789	0.0292843
0.25	0.00258784	19.9816	0.0292985
0.25	0.00261346	19.9841	0.0293111
0.25	0.00263909	19.9862	0.0293223
0.25	0.00266471	19.9881	0.0293322
0.25	0.00269033	19.9897	0.0293409
0.25	0.00271595	19.9911	0.0293485
0.25	0.00274158	19.9924	0.0293553
0.25	0.0027672	19.9934	0.0293612
0.25	0.00279282	19.9944	0.0293664
0.25	0.00281844	19.9952	0.0293709
0.25	0.00284406	19.9959	0.0293749
0.25	0.00286969	19.9965	0.0293783
0.25	0.00289531	19.997	0.0293813
0.25	0.00292093	19.9974	0.0293839
0.25	0.00294655	19.9978	0.0293862
0.25	0.00297217	19.9982	0.0293881
0.25	0.0029978	19.9984	0.0293898
0.25	0.00302342	19.9987	0.0293913
0.25	0.00304904	19.9989	0.0293925
0.25	0.00307466	19.9991	0.0293936
0.25	0.00310029	19.9992	0.0293945
0.25	0.00312591	19.9993	0.0293953
0.25	0.00315153	19.9994	0.029396
0.25	0.00317715	19.9995	0.0293965
0.25	0.00320277	19.9996	0.029397
0.25	0.0032284	19.9997	0.0293974
0.25	0.00325402	19.9997	0.0293978
0.25	0.00327964	19.9998	0.0293981
0.25	0.00330526	19.9998	0.0293983
0.25	0.00333089	19.9998	0.0293985
0.25	0.00335651	19.9999	0.0293987
0.25	0.00338213	19.9999	0.0293988
0.25	0.00340775	19.9999	0.029399
0.25	0.00343337	19.9999	0.0293991
0.25	0.003459	19.9999	0.0293992
0.25	0.00348462	20	0.0293992
0.25	0.00351024	20	0.0293993
0.25	0.00353586	20	0.0293993
0.25	0.00356149	20	0.0293994
0.25	0.00358711	20	0.0293994
0.25	0.00361273	20	0.0293995
0.25	0.00363835	20	0.0293995
0.25	0.00366397	20	0.0293995
0.25	0.0036896	20	0.0293995
0.25	0.00371522	20	0.0293995
0.25	0.00374084	20	0.0293995
0.25	0.00376646	20	0.0293995
0.25	0.00379209	20	0.0293995
0.25	0.00381771	20	0.0293996
0.25	0.00384333	20	0.0293996
0.25	0.00386895	20	0.0293996
0.25	0.00389457	20	0.0293996
0.25	0.0039202	20	0.0293996
0.25	0.00394582	20	0.0293996
0.25	0.00397144	20	0.0293996
0.25	0.00399706	20	0.0293996
0.25	0.00402269	20	0.0293996
0.25	0.00404831	20	0.0293996
0.25	0.00407393	20	0.0293996
0.25	0.00409955	20	0.0293996
0.25	0.00412517	20	0.0293996
0.25	0.0041508	20	0.0293996
0.25	0.00417642	20	0.0293996
0.25	0.00420204	20	0.0293996
0.25	0.00422766	20	0.0293996
0.25	0.00425328	20	0.0293996
0.25	0.00427891	20	0.0293996
0.25	0.00430453	20	0.0293996
0.25	0.00433015	20	0.0293996
0.25	0.00435577	20	0.0293996
0.25	0.0043814	20	0.0293996
0.25	0.00440702	20	0.0293996
0.25	0.00443264	20	0.0293996
0.25	0.00445826	20	0.0293996
0.25	0.00448388	20	0.0293996
0.25	0.00450951	20	0.0293996
0.25	0.00453513	20	0.0293996
0.25	0.00456075	20	0.0293996
0.25	0.00458637	20	0.0293996
0.25	0.004612	20	0.0293996
0.25	0.00463762	20	0.0293996
0.25	0.00466324	20	0.0293996
0.25	0.00468886	20	0.0293996
0.25	0.00471448	20	0.0293996
0.25	0.00474011	20	0.0293996
0.25	0.00476573	20	0.0293996
0.25	0.00479135	20	0.0293996
0.25	0.00481697	20	0.0293996
0.25	0.0048426	20	0.0293996
0.25	0.00486822	20	0.0293996
0.25	0.00489384	20	0.0293996
0.25	0.00491946	20	0.0293996
0.25	0.00494508	20	0.0293996
0.25	0.00497071	20	0.0293996
0.25	0.00499633	20	0.0293996
0.25	0.00502195	20	0.0293996
0.25	0.00504757	20	0.0293996
0.25	0.0050732	20	0.0293996
0.25	0.00509882	20	0.0293996
0.25	0.00512444	20	0.0293996
0.25	0.00515006	20	0.0293996
0.25	0.00517568	20	0.0293996
0.25	0.00520131	20	0.0293996
0.25	0.00522693	20	0.0293996
0.25	0.00525255	20	0.0293996
0.25	0.00527817	20	0.0293996
0.25	0.00530379	20	0.0293996
0.25	0.00532942	20	0.0293996
0.25	0.00535504	20	0.0293996
0.25	0.00538066	20	0.0293996
0.25	0.00540628	20	0.0293996
0.25	0.00543191	20	0.0293996
0.25	0.00545753	20	0.0293996
0.25	0.00548315	20	0.0293996
0.25	0.00550877	20	0.0293996
0.25	0.00553439	20	0.0293996
0.25	0.00556002	20	0.0293996
0.25	0.00558564	20	0.0293996
0.25	0.00561126	20	0.0293996
0.25	0.00563688	20	0.0293996
0.25	0.00566251	20	0.0293996
0.25	0.00568813	20	0.0293996
0.25	0.00571375	20	0.0293996
0.25	0.00573937	20	0.0293996
0.25	0.00576499	20	0.0293996
0.25	0.00579062	20	0.0293996
0.25	0.00581624	20	0.0293996
0.25	0.00584186	20	0.0293996
0.25	0.00586748	20	0.0293996
0.25	0.00589311	20	0.0293996
0.25	0.00591873	20	0.0293996
0.25	0.00594435	20	0.0293996
0.25	0.00596997	20	0.0293996
0.25	0.00599559	20	0.0293996
0.25	0.00602122	20	0.0293996
0.25	0.00604684	20	0.0293996
0.25	0.00607246	20	0.0293996
0.25	0.00609808	20	0.0293996
0.25	0.00612371	20	0.0293996
0.25	0.00614933	20	0.0293996
0.25	0.00617495	20	0.0293996
0.25	0.00620057	20	0.0293996
0.25	0.00622619	20	0.0293996
0.25	0.00625182	20	0.0293996
0.25	0.00627744	20	0.0293996
0.25	0.00630306	20	0.0293996
0.25	0.00632868	20	0.0293996
0.25	0.0063543	20	0.0293996
0.25	0.00637993	20	0.0293996
0.25	0.00640555	20	0.0293996

0.3	0	0	0
0.3	2.56222e-05	0.363357	7.75284e-06
0.3	5.12444e-05	0.726709	3.10109e-05
0.3	7.68666e-05	1.09004	6.97722e-05
0.3	0.000102489	1.45333	0.000124031
0.3	0.000128111	1.81654	0.000193777
0.3	0.000153733	2.17962	0.000278993
0.3	0.000179355	2.54253	0.000379653
0.3	0.000204978	2.9052	0.000495721
0.3	0.0002306	3.26755	0.000627151
0.3	0.000256222	3.6295	0.00077388
0.3	0.000281844	3.99096	0.000935834
0.3	0.000307466	4.35183	0.00111292
0.3	0.000333089	4.71199	0.00130503
0.3	0.000358711	5.07132	0.00151203
0.3	0.000384333	5.4297	0.00173377
0.3	0.000409955	5.78699	0.00197008
0.3	0.000435577	6.14303	0.00222076
0.3	0.0004612	6.49768	0.00248559
0.3	0.000486822	6.85078	0.00276433
0.3	0.000512444	7.20215	0.0030567
0.3	0.000538066	7.55163	0.00336239
0.3	0.000563688	7.89902	0.00368109
0.3	0.000589311	8.24414	0.00401244
0.3	0.000614933	8.5868	0.00435604
0.3	0.000640555	8.92681	0.00471148
0.3	0.000666177	9.26395	0.00507832
0.3	0.000691799	9.59804	0.00545608
0.3	0.000717422	9.92885	0.00584426
0.3	0.000743044	10.2562	0.00624232
0.3	0.000768666	10.5799	0.00664972
0.3	0.000794288	10.8996	0.00706586
0.3	0.00081991	11.2153	0.00749013
0.3	0.000845533	11.5266	0.00792191
0.3	0.000871155	11.8335	0.00836052
0.3	0.000896777	12.1357	0.00880529
0.3	0.000922399	12.4329	0.00925554
0.3	0.000948021	12.7251	0.00971053
0.3	0.000973644	13.0119	0.0101696
0.3	0.000999266	13.2934	0.0106319
0.3	0.00102489	13.5692	0.0110967
0.3	0.00105051	13.8392	0.0115633
0.3	0.00107613	14.1034	0.012031
0.3	0.00110175	14.3614	0.0124989
0.3	0.00112738	14.6133	0.0129664
0.3	0.001153	14.8588	0.0134325
0.3	0.00117862	15.0979	0.0138967
0.3	0.00120424	15.3305	0.0143582
0.3	0.00122987	15.5565	0.0148162
0.3	0.00125549	15.7759	0.0152701
0.3	0.00128111	15.9885	0.0157192
0.3	0.00130673	16.1944	0.0161628
0.3	0.00133235	16.3935	0.0166003
0.3	0.00135798	16.5859	0.0170311
0.3	0.0013836	16.7714	0.0174546
0.3	0.00140922	16.9502	0.0178702
0.3	0.00143484	17.1222	0.0182776
0.3	0.00146047	17.2875	0.0186761
0.3	0.00148609	17.4462	0.0190654
0.3	0.00151171	17.5984	0.019445
0.3	0.00153733	17.744	0.0198147
0.3	0.00156295	17.8832	0.020174
0.3	0.00158858	18.0162	0.0205228
0.3	0.0016142	18.1429	0.0208608
0.3	0.00163982	18.2636	0.0211878
0.3	0.00166544	18.3784	0.0215036
0.3	0.00169107	18.4874	0.0218082
0.3	0.00171669	18.5908	0.0221014
0.3	0.00174231	18.6887	0.0223833
0.3	0.00176793	18.7813	0.0226539
0.3	0.00179355	18.8687	0.0229131
0.3	0.00181918	18.9511	0.023161
0.3	0.0018448	19.0288	0.0233979
0.3	0.00187042	19.1018	0.0236237
0.3	0.00189604	19.1704	0.0238387
0.3	0.00192166	19.2347	0.024043
0.3	0.00194729	19.2949	0.0242369
0.3	0.00197291	19.3512	0.0244206
0.3	0.00199853	19.4037	0.0245944
0.3	0.00202415	19.4528	0.0247585
0.3	0.00204978	19.4984	0.0249132
0.3	0.0020754	19.5408	0.0250588
0.3	0.00210102	19.5802	0.0251957
0.3	0.00212664	19.6167	0.0253241
0.3	0.00215226	19.6504	0.0254444
0.3	0.00217789	19.6817	0.0255569
0.3	0.00220351	19.7105	0.025662
0.3	0.00222913	19.737	0.02576
0.3	0.00225475	19.7615	0.0258512
0.3	0.00228038	19.7839	0.0259359
0.3	0.002306	19.8045	0.0260145
0.3	0.00233162	19.8234	0.0260873
0.3	0.00235724	19.8406	0.0261547
0.3	0.00238286	19.8564	0.0262169
0.3	0.00240849	19.8708	0.0262742
0.3	0.00243411	19.8839	0.026327
0.3	0.00245973	19.8958	0.0263755
0.3	0.00248535	19.9066	0.02642
0.3	0.00251098	19.9164	0.0264608
0.3	0.0025366	19.9253	0.0264981
0.3	0.00256222	19.9333	0.0265321
0.3	0.00258784	19.9405	0.0265632
0.3	0.00261346	19.9471	0.0265914
0.3	0.00263909	19.9529	0.0266171
0.3	0.00266471	19.9582	0.0266404
0.3	0.00269033	19.963	0.0266616
0.3	0.00271595	19.9672	0.0266807
0.3	0.00274158	19.971	0.0266979
0.3	0.0027672	19.9744	0.0267135
0.3	0.00279282	19.9774	0.0267275
0.3	0.00281844	19.9801	0.0267401
0.3	0.00284406	19.9825	0.0267514
0.3	0.00286969	19.9847	0.0267615
0.3	0.00289531	19.9865	0.0267706
0.3	0.00292093	19.9882	0.0267787
0.3	0.00294655	19.9897	0.0267859
0.3	0.00297217	19.991	0.0267923
0.3	0.0029978	19.9922	0.026798
0.3	0.00302342	19.9932	0.0268031
0.3	0.00304904	19.9941	0.0268076
0.3	0.00307466	19.9948	0.0268116
0.3	0.00310029	19.9955	0.0268151
0.3	0.00312591	19.9961	0.0268182
0.3	0.00315153	19.9967	0.026821
0.3	0.00317715	19.9971	0.0268234
0.3	0.00320277	19.9975	0.0268255
0.3	0.0032284	19.9979	0.0268273
0.3	0.00325402	19.9982	0.0268289
0.3	0.00327964	19.9984	0.0268304
0.3	0.00330526	19.9986	0.0268316
0.3	0.00333089	19.9988	0.0268327
0.3	0.00335651	19.999	0.0268336
0.3	0.00338213	19.9991	0.0268344
0.3	0.00340775	19.9993	0.0268351
0.3	0.00343337	19.9994	0.0268358
0.3	0.003459	19.9995	0.0268363
0.3	0.00348462	19.9996	0.0268367
0.3	0.00351024	19.9996	0.0268371
0.3	0.00353586	19.9997	0.0268375
0.3	0.00356149	19.9997	0.0268378
0.3	0.00358711	19.9998	0.026838
0.3	0.00361273	19.9998	0.0268382
0.3	0.00363835	19.9998	0.0268384
0.3	0.00366397	19.9999	0.0268386
0.3	0.0036896	19.9999	0.0268387
0.3	0.00371522	19.9999	0.0268388
0.3	0.00374084	19.9999	0.0268389
0.3	0.00376646	19.9999	0.026839
0.3	0.00379209	19.9999	0.0268391
0.3	0.00381771	20	0.0268391
0.3	0.00384333	20	0.0268392
0.3	0.00386895	20	0.0268392
0.3	0.00389457	20	0.0268393
0.3	0.0039202	20	0.0268393
0.3	0.00394582	20	0.0268393
0.3	0.00397144	20	0.0268393
0.3	0.00399706	20	0.0268394
0.3	0.00402269	20	0.0268394
0.3	0.00404831	20	0.0268394
0.3	0.00407393	20	0.0268394
0.3	0.00409955	20	0.0268394
0.3	0.00412517	20	0.0268394
0.3	0.0041508	20	0.0268394
0.3	0.00417642	20	0.0268394
0.3	0.00420204	20	0.0268394
0.3	0.00422766	20	0.0268394
0.3	0.00425328	20	0.0268394
0.3	0.00427891	20	0.0268394
0.3	0.00430453	20	0.0268394
0.3	0.00433015	20	0.0268394
0.3	0.00435577	20	0.0268394
0.3	0.0043814	20	0.0268394
0.3	0.00440702	20	0.0268394
0.3	0.00443264	20	0.0268394
0.3	0.00445826	20	0.0268394
0.3	0.00448388	20	0.0268394
0.3	0.00450951	20	0.0268394
0.3	0.00453513	20	0.0268394
0.3	0.00456075	20	0.0268394
0.3	0.00458637	20	0.0268394
0.3	0.004612	20	0.0268394
0.3	0.00463762	20	0.0268394
0.3	0.00466324	20	0.0268394
0.3	0.00468886	20	0.0268394
0.3	0.00471448	20	0.0268394
0.3	0.00474011	20	0.0268394
0.3	0.00476573	20	0.0268394
0.3	0.00479135	20	0.0268394
0.3	0.00481697	20	0.0268394
0.3	0.0048426	20	0.0268394
0.3	0.00486822	20	0.0268394
0.3	0.00489384	20	0.0268394
0.3	0.00491946	20	0.0268394
0.3	0.00494508	20	0.0268394
0.3	0.00497071	20	0.0268394
0.3	0.00499633	20	0.0268394
0.3	0.00502195	20	0.0268394
0.3	0.00504757	20	0.0268394
0.3	0.0050732	20	0.0268394
0.3	0.00509882	20	0.0268394
0.3	0.00512444	20	0.0268394
0.3	0.00515006	20	0.0268394
0.3	0.00517568	20	0.0268394
0.3	0.00520131	20	0.0268394
0.3	0.00522693	20	0.0268394
0.3	0.00525255	20	0.0268394
0.3	0.00527817	20	0.0268394
0.3	0.00530379	20	0.0268394
0.3	0.00532942	20	0.0268394
0.3	0.00535504	20	0.0268394
0.3	0.00538066	20	0.0268394
0.3	0.00540628	20	0.0268394
0.3	0.00543191	20	0.0268394
0.3	0.00545753	20	0.0268394
0.3	0.00548315	20	0.0268394
0.3	0.00550877	20	0.0268394
0.3	0.00553439	20	0.0268394
0.3	0.00556002	20	0.0268394
0.3	0.00558564	20	0.0268394
0.3	0.00561126	20	0.0268394
0.3	0.00563688	20	0.0268394
0.3	0.00566251	20	0.0268394
0.3	0.00568813	20	0.0268394
0.3	0.00571375	20	0.0268394
0.3	0.00573937	20	0.0268394
0.3	0.00576499	20	0.0268394
0.3	0.00579062	20	0.0268394
0.3	0.00581624	20	0.0268394
0.3	0.00584186	20	0.0268394
0.3	0.00586748	20	0.0268394
0.3	0.00589311	20	0.0268394
0.3	0.00591873	20	0.0268394
0.3	0.00594435	20	0.0268394
0.3	0.00596997	20	0.0268394
0.3	0.00599559	20	0.0268394
0.3	0.00602122	20	0.0268394
0.3	0.00604684	20	0.0268394
0.3	0.00607246	20	0.0268394
0.3	0.00609808	20	0.0268394
0.3	0.00612371	20	0.0268394
0.3	0.00614933	20	0.0268394
0.3	0.00617495	20	0.0268394
0.3	0.00620057	20	0.0268394
0.3	0.00622619	20	0.0268394
0.3	0.00625182	20	0.0268394
0.3	0.00627744	20	0.0268394
0.3	0.00630306	20	0.0268394
0.3	0.00632868	20	0.0268394
0.3	0.0063543	20	0.0268394
0.3	0.00637993	20	0.0268394
0.3	0.00640555	20	0.0268394

0.35	0	0	0
0.35	2.56222e-05	0.336421	6.15314e-06
0.35	5.12444e-05	0.672839	2.46123e-05
0.35	7.68666e-05	1.00924	5.53762e-05
0.35	0.000102489	1.34561	9.84413e-05
0.35	0.000128111	1.68192	0.000153801
0.35	0.000153733	2.01815	0.000221444
0.35	0.000179355	2.35424	0.000301355
0.35	0.000204978	2.69015	0.000393511
0.35	0.0002306	3.02583	0.000497882
0.35	0.000256222	3.36122	0.00061443
0.35	0.000281844	3.69625	0.000743107
0.35	0.000307466	4.03084	0.000883854
0.35	0.000333089	4.36491	0.0010366
0.35	0.000358711	4.69837	0.00120127
0.35	0.000384333	5.03112	0.00137776
0.35	0.000409955	5.36308	0.00156597
0.35	0.000435577	5.69411	0.00176576
0.35	0.0004612	6.02412	0.001977
0.35	0.000486822	6.35298	0.00219954
0.35	0.000512444	6.68056	0.0024332
0.35	0.000538066	7.00673	0.00267778
0.35	0.000563688	7.33136	0.00293307
0.35	0.000589311	7.65431	0.00319886
0.35	0.000614933	7.97542	0.00347488
0.35	0.000640555	8.29456	0.00376087
0.35	0.000666177	8.61156	0.00405654
0.35	0.000691799	8.92626	0.00436158
0.35	0.000717422	9.23852	0.00467568
0.35	0.000743044	9.54817	0.00499847
0.35	0.000768666	9.85504	0.00532959
0.35	0.000794288	10.159	0.00566865
0.35	0.00081991	10.4598	0.00601526
0.35	0.000845533	10.7574	0.00636898
0.35	0.000871155	11.0515	0.00672937
0.35	0.000896777	11.342	0.00709598
0.35	0.000922399	11.6288	0.00746834
0.35	0.000948021	11.9116	0.00784594
0.35	0.000973644	12.1904	0.0082283
0.35	0.000999266	12.4649	0.0086149
0.35	0.00102489	12.7351	0.00900521
0.35	0.00105051	13.0007	0.00939869
0.35	0.00107613	13.2617	0.00979481
0.35	0.00110175	13.5179	0.010193
0.35	0.00112738	13.7691	0.0105927
0.35	0.001153	14.0153	0.0109934
0.35	0.00117862	14.2563	0.0113945
0.35	0.00120424	14.4921	0.0117955
0.35	0.00122987	14.7225	0.0121958
0.35	0.00125549	14.9475	0.0125948
0.35	0.00128111	15.1669	0.012992
0.35	0.00130673	15.3807	0.0133869
0.35	0.00133235	15.5888	0.013779
0.35	0.00135798	15.7913	0.0141677
0.35	0.0013836	15.9879	0.0145525
0.35	0.00140922	16.1788	0.014933
0.35	0.00143484	16.3639	0.0153087
0.35	0.00146047	16.5431	0.0156791
0.35	0.00148609	16.7166	0.0160438
0.35	0.00151171	16.8842	0.0164024
0.35	0.00153733	17.0461	0.0167546
0.35	0.00156295	17.2021	0.0170999
0.35	0.00158858	17.3525	0.0174381
0.35	0.0016142	17.4972	0.0177689
0.35	0.00163982	17.6363	0.0180919
0.35	0.00166544	17.7698	0.0184068
0.35	0.00169107	17.8979	0.0187136
0.35	0.00171669	18.0206	0.019012
0.35	0.00174231	18.1379	0.0193018
0.35	0.00176793	18.2501	0.0195828
0.35	0.00179355	18.3572	0.019855
0.35	0.00181918	18.4594	0.0201183
0.35	0.0018448	18.5566	0.0203726
0.35	0.00187042	18.6492	0.020618
0.35	0.00189604	18.7371	0.0208542
0.35	0.00192166	18.8205	0.0210815
0.35	0.00194729	18.8996	0.0212998
0.35	0.00197291	18.9744	0.0215093
0.35	0.00199853	19.0452	0.0217099
0.35	0.00202415	19.1121	0.0219018
0.35	0.00204978	19.1751	0.0220851
0.35	0.0020754	19.2345	0.0222599
0.35	0.00210102	19.2904	0.0224265
0.35	0.00212664	19.343	0.022585
0.35	0.00215226	19.3923	0.0227356
0.35	0.00217789	19.4385	0.0228784
0.35	0.00220351	19.4818	0.0230137
0.35	0.00222913	19.5222	0.0231417
0.35	0.00225475	19.56	0.0232627
0.35	0.00228038	19.5953	0.0233768
0.35	0.002306	19.6282	0.0234843
0.35	0.00233162	19.6587	0.0235854
0.35	0.00235724	19.6871	0.0236805
0.35	0.00238286	19.7135	0.0237696
0.35	0.00240849	19.7379	0.0238532
0.35	0.00243411	19.7606	0.0239314
0.35	0.00245973	19.7815	0.0240044
0.35	0.00248535	19.8008	0.0240726
0.35	0.00251098	19.8186	0.0241361
0.35	0.0025366	19.835	0.0241952
0.35	0.00256222	19.8501	0.0242502
0.35	0.00258784	19.864	0.0243012
0.35	0.00261346	19.8767	0.0243484
0.35	0.00263909	19.8884	0.0243921
0.35	0.00266471	19.8991	0.0244326
0.35	0.00269033	19.9089	0.0244699
0.35	0.00271595	19.9178	0.0245043
0.35	0.00274158	19.9259	0.0245359
0.35	0.0027672	19.9333	0.024565
0.35	0.00279282	19.94	0.0245917
0.35	0.00281844	19.9462	0.0246162
0.35	0.00284406	19.9517	0.0246386
0.35	0.00286969	19.9567	0.0246591
0.35	0.00289531	19.9613	0.0246778
0.35	0.00292093	19.9654	0.0246949
0.35	0.00294655	19.9691	0.0247104
0.35	0.00297217	19.9725	0.0247246
0.35	0.0029978	19.9755	0.0247374
0.35	0.00302342	19.9782	0.024749
0.35	0.00304904	19.9806	0.0247596
0.35	0.00307466	19.9828	0.0247691
0.35	0.00310029	19.9847	0.0247777
0.35	0.00312591	19.9865	0.0247855
0.35	0.00315153	19.9881	0.0247925
0.35	0.00317715	19.9894	0.0247988
0.35	0.00320277	19.9907	0.0248044
0.35	0.0032284	19.9918	0.0248095
0.35	0.00325402	19.9928	0.024814
0.35	0.00327964	19.9937	0.0248181
0.35	0.00330526	19.9944	0.0248217
0.35	0.00333089	19.9951	0.024825
0.35	0.00335651	19.9957	0.0248279
0.35	0.00338213	19.9963	0.0248305
0.35	0.00340775	19.9967	0.0248327
0.35	0.00343337	19.9971	0.0248348
0.35	0.003459	19.9975	0.0248366
0.35	0.00348462	19.9978	0.0248382
0.35	0.00351024	19.9981	0.0248396
0.35	0.00353586	19.9984	0.0248408
0.35	0.00356149	19.9986	0.0248419
0.35	0.00358711	19.9988	0.0248429
0.35	0.00361273	19.9989	0.0248437
0.35	0.00363835	19.9991	0.0248445
0.35	0.00366397	19.9992	0.0248451
0.35	0.0036896	19.9993	0.0248457
0.35	0.00371522	19.9994	0.0248462
0.35	0.00374084	19.9995	0.0248467
0.35	0.00376646	19.9996	0.024847
0.35	0.00379209	19.9996	0.0248474
0.35	0.00381771	19.9997	0.0248477
0.35	0.00384333	19.9997	0.0248479
0.35	0.00386895	19.9998	0.0248481
0.35	0.00389457	19.9998	0.0248483
0.35	0.0039202	19.9998	0.0248485
0.35	0.00394582	19.9999	0.0248486
0.35	0.00397144	19.9999	0.0248488
0.35	0.00399706	19.9999	0.0248489
0.35	0.00402269	19.9999	0.024849
0.35	0.00404831	19.9999	0.024849
0.35	0.00407393	19.9999	0.0248491
0.35	0.00409955	19.9999	0.0248492
0.35	0.00412517	20	0.0248492
0.35	0.0041508	20	0.0248492
0.35	0.00417642	20	0.0248493
0.35	0.00420204	20	0.0248493
0.35	0.00422766	20	0.0248493
0.35	0.00425328	20	0.0248494
0.35	0.00427891	20	0.0248494
0.35	0.00430453	20	0.0248494
0.35	0.00433015	20	0.0248494
0.35	0.00435577	20	0.0248494
0.35	0.0043814	20	0.0248494
0.35	0.00440702	20	0.0248494
0.35	0.00443264	20	0.0248495
0.35	0.00445826	20	0.0248495
0.35	0.00448388	20	0.0248495
0.35	0.00450951	20	0.0248495
0.35	0.00453513	20	0.0248495
0.35	0.00456075	20	0.0248495
0.35	0.00458637	20	0.0248495
0.35	0.004612	20	0.0248495
0.35	0.00463762	20	0.0248495
0.35	0.00466324	20	0.0248495
0.35	0.00468886	20	0.0248495
0.35	0.00471448	20	0.0248495
0.35	0.00474011	20	0.0248495
0.35	0.00476573	20	0.0248495
0.35	0.00479135	20	0.0248495
0.35	0.00481697	20	0.0248495
0.35	0.0048426	20	0.0248495
0.35	0.00486822	20	0.0248495
0.35	0.00489384	20	0.0248495
0.35	0.00491946	20	0.0248495
0.35	0.00494508	20	0.0248495
0.35	0.00497071	20	0.0248495
0.35	0.00499633	20	0.0248495
0.35	0.00502195	20	0.0248495
0.35	0.00504757	20	0.0248495
0.35	0.0050732	20	0.0248495
0.35	0.00509882	20	0.0248495
0.35	0.00512444	20	0.0248495
0.35	0.00515006	20	0.0248495
0.35	0.00517568	20	0.0248495
0.35	0.00520131	20	0.0248495
0.35	0.00522693	20	0.0248495
0.35	0.00525255	20	0.0248495
0.35	0.00527817	20	0.0248495
0.35	0.00530379	20	0.0248495
0.35	0.00532942	20	0.0248495
0.35	0.00535504	20	0.0248495
0.35	0.00538066	20	0.0248495
0.35	0.00540628	20	0.0248495
0.35	0.00543191	20	0.0248495
0.35	0.00545753	20	0.0248495
0.35	0.00548315	20	0.0248495
0.35	0.00550877	20	0.0248495
0.35	0.00553439	20	0.0248495
0.35	0.00556002	20	0.0248495
0.35	0.00558564	20	0.0248495
0.35	0.00561126	20	0.0248495
0.35	0.00563688	20	0.0248495
0.35	0.00566251	20	0.0248495
0.35	0.00568813	20	0.0248495
0.35	0.00571375	20	0.0248495
0.35	0.00573937	20	0.0248495
0.35	0.00576499	20	0.0248495
0.35	0.00579062	20	0.0248495
0.35	0.00581624	20	0.0248495
0.35	0.00584186	20	0.0248495
0.35	0.00586748	20	0.0248495
0.35	0.00589311	20	0.0248495
0.35	0.00591873	20	0.0248495
0.35	0.00594435	20	0.0248495
0.35	0.00596997	20	0.0248495
0.35	0.00599559	20	0.0248495
0.35	0.00602122	20	0.0248495
0.35	0.00604684	20	0.0248495
0.35	0.00607246	20	0.0248495
0.35	0.00609808	20	0.0248495
0.35	0.00612371	20	0.0248495
0.35	0.00614933	20	0.0248495
0.35	0.00617495	20	0.0248495
0.35	0.00620057	20	0.0248495
0.35	0.00622619	20	0.0248495
0.35	0.00625182	20	0.0248495
0.35	0.00627744	20	0.0248495
0.35	0.00630306	20	0.0248495
0.35	0.00632868	20	0.0248495
0.35	0.0063543	20	0.0248495
0.35	0.00637993	20	0.0248495
0.35	0.00640555	20	0.0248495

0.4	0	0	0
0.4	2.56222e-05	0.314706	5.03679e-06
0.4	5.12444e-05	0.62941	2.0147e-05
0.4	7.68666e-05	0.944102	4.53296e-05
0.4	0.000102489	1.25877	8.05825e-05
0.4	0.000128111	1.57339	0.000125901
0.4	0.000153733	1.88795	0.000181278
0.4	0.000179355	2.2024	0.000246703
0.4	0.000204978	2.51672	0.00032216
0.4	0.0002306	2.83086	0.00040763
0.4	0.000256222	3.14477	0.000503086
0.4	0.000281844	3.45841	0.000608497
0.4	0.000307466	3.77171	0.000723823
0.4	0.000333089	4.08462	0.000849019
0.4	0.000358711	4.39705	0.000984027
0.4	0.000384333	4.70895	0.00112879
0.4	0.000409955	5.02023	0.00128322
0.4	0.000435577	5.33081	0.00144725
0.4	0.0004612	5.64059	0.00162077
0.4	0.000486822	5.9495	0.00180369
0.4	0.000512444	6.25742	0.00199588
0.4	0.000538066	6.56425	0.00219721
0.4	0.000563688	6.8699	0.00240755
0.4	0.000589311	7.17424	0.00262673
0.4	0.000614933	7.47717	0.00285459
0.4	0.000640555	7.77857	0.00309094
0.4	0.000666177	8.07832	0.00333559
0.4	0.000691799	8.37629	0.00358833
0.4	0.000717422	8.67236	0.00384893
0.4	0.000743044	8.9664	0.00411716
0.4	0.000768666	9.25827	0.00439275
0.4	0.000794288	9.54785	0.00467544
0.4	0.00081991	9.83501	0.00496496
0.4	0.000845533	10.1196	0.005261
0.4	0.000871155	10.4015	0.00556325
0.4	0.000896777	10.6806	0.0058714
0.4	0.000922399	10.9566	0.00618511
0.4	0.000948021	11.2296	0.00650403
0.4	0.000973644	11.4994	0.0068278
0.4	0.000999266	11.7658	0.00715606
0.4	0.00102489	12.0287	0.00748842
0.4	0.00105051	12.2879	0.00782449
0.4	0.00107613	12.5435	0.00816389
0.4	0.00110175	12.7951	0.00850619
0.4	0.00112738	13.0428	0.008851
0.4	0.001153	13.2863	0.00919789
0.4	0.00117862	13.5257	0.00954645
0.4	0.00120424	13.7607	0.00989624
0.4	0.00122987	13.9913	0.0102468
0.4	0.00125549	14.2174	0.0105978
0.4	0.00128111	14.439	0.0109488
0.4	0.00130673	14.6558	0.0112992
0.4	0.00133235	14.8679	0.0116488
0.4	0.00135798	15.0752	0.0119971
0.4	0.0013836	15.2776	0.0123437
0.4	0.00140922	15.475	0.0126881
0.4	0.00143484	15.6675	0.01303
0.4	0.00146047	15.855	0.013369
0.4	0.00148609	16.0374	0.0137047
0.4	0.00151171	16.2148	0.0140367
0.4	0.00153733	16.387	0.0143648
0.4	0.00156295	16.5542	0.0146885
0.4	0.00158858	16.7163	0.0150075
0.4	0.0016142	16.8733	0.0153215
0.4	0.00163982	17.0252	0.0156303
0.4	0.00166544	17.1721	0.0159335
0.4	0.00169107	17.314	0.0162309
0.4	0.00171669	17.4509	0.0165222
0.4	0.00174231	17.5829	0.0168073
0.4	0.00176793	17.71	0.0170859
0.4	0.00179355	17.8322	0.0173579
0.4	0.00181918	17.9498	0.0176231
0.4	0.0018448	18.0626	0.0178813
0.4	0.00187042	18.1709	0.0181325
0.4	0.00189604	18.2746	0.0183764
0.4	0.00192166	18.3739	0.0186132
0.4	0.00194729	18.4688	0.0188426
0.4	0.00197291	18.5596	0.0190647
0.4	0.00199853	18.6461	0.0192793
0.4	0.00202415	18.7286	0.0194866
0.4	0.00204978	18.8072	0.0196866
0.4	0.0020754	18.882	0.0198791
0.4	0.00210102	18.953	0.0200644
0.4	0.00212664	19.0205	0.0202425
0.4	0.00215226	19.0844	0.0204134
0.4	0.00217789	19.145	0.0205772
0.4	0.00220351	19.2023	0.020734
0.4	0.00222913	19.2565	0.020884
0.4	0.00225475	19.3077	0.0210273
0.4	0.00228038	19.3559	0.0211639
0.4	0.002306	19.4014	0.0212942
0.4	0.00233162	19.4442	0.0214181
0.4	0.00235724	19.4844	0.0215359
0.4	0.00238286	19.5222	0.0216477
0.4	0.00240849	19.5577	0.0217538
0.4	0.00243411	19.5909	0.0218542
0.4	0.00245973	19.622	0.0219492
0.4	0.00248535	19.651	0.022039
0.4	0.00251098	19.6782	0.0221237
0.4	0.0025366	19.7035	0.0222035
0.4	0.00256222	19.7271	0.0222787
0.4	0.00258784	19.7491	0.0223494
0.4	0.00261346	19.7695	0.0224157
0.4	0.00263909	19.7885	0.022478
0.4	0.00266471	19.8061	0.0225363
0.4	0.00269033	19.8225	0.0225909
0.4	0.00271595	19.8376	0.0226419
0.4	0.00274158	19.8515	0.0226895
0.4	0.0027672	19.8645	0.0227339
0.4	0.00279282	19.8764	0.0227753
0.4	0.00281844	19.8873	0.0228137
0.4	0.00284406	19.8975	0.0228495
0.4	0.00286969	19.9067	0.0228826
0.4	0.00289531	19.9153	0.0229134
0.4	0.00292093	19.9231	0.0229418
0.4	0.00294655	19.9303	0.0229681
0.4	0.00297217	19.9369	0.0229924
0.4	0.0029978	19.9429	0.0230148
0.4	0.00302342	19.9484	0.0230355
0.4	0.00304904	19.9534	0.0230545
0.4	0.00307466	19.958	0.023072
0.4	0.00310029	19.9621	0.023088
0.4	0.00312591	19.9659	0.0231027
0.4	0.00315153	19.9693	0.0231162
0.4	0.00317715	19.9725	0.0231285
0.4	0.00320277	19.9753	0.0231397
0.4	0.0032284	19.9779	0.02315
0.4	0.00325402	19.9802	0.0231594
0.4	0.00327964	19.9823	0.0231679
0.4	0.00330526	19.9841	0.0231757
0.4	0.00333089	19.9858	0.0231827
0.4	0.00335651	19.9874	0.0231891
0.4	0.00338213	19.9888	0.0231949
0.4	0.00340775	19.99	0.0232002
0.4	0.00343337	19.9911	0.0232049
0.4	0.003459	19.9921	0.0232092
0.4	0.00348462	19.993	0.0232131
0.4	0.00351024	19.9938	0.0232165
0.4	0.00353586	19.9945	0.0232197
0.4	0.00356149	19.9951	0.0232225
0.4	0.00358711	19.9957	0.023225
0.4	0.00361273	19.9962	0.0232273
0.4	0.00363835	19.9967	0.0232293
0.4	0.00366397	19.9971	0.0232311
0.4	0.0036896	19.9974	0.0232328
0.4	0.00371522	19.9977	0.0232342
0.4	0.00374084	19.998	0.0232355
0.4	0.00376646	19.9982	0.0232367
0.4	0.00379209	19.9985	0.0232377
0.4	0.00381771	19.9987	0.0232386
0.4	0.00384333	19.9988	0.0232394
0.4	0.00386895	19.999	0.0232401
0.4	0.00389457	19.9991	0.0232408
0.4	0.0039202	19.9992	0.0232413
0.4	0.00394582	19.9993	0.0232418
0.4	0.00397144	19.9994	0.0232422
0.4	0.00399706	19.9995	0.0232426
0.4	0.00402269	19.9996	0.023243
0.4	0.00404831	19.9996	0.0232433
0.4	0.00407393	19.9997	0.0232435
0.4	0.00409955	19.9997	0.0232438
0.4	0.00412517	19.9998	0.023244
0.4	0.0041508	19.9998	0.0232441
0.4	0.00417642	19.9998	0.0232443
0.4	0.00420204	19.9998	0.0232444
0.4	0.00422766	19.9999	0.0232445
0.4	0.00425328	19.9999	0.0232446
0.4	0.00427891	19.9999	0.0232447
0.4	0.00430453	19.9999	0.0232448
0.4	0.00433015	19.9999	0.0232449
0.4	0.00435577	19.9999	0.0232449
0.4	0.0043814	19.9999	0.023245
0.4	0.00440702	20	0.023245
0.4	0.00443264	20	0.0232451
0.4	0.00445826	20	0.0232451
0.4	0.00448388	20	0.0232451
0.4	0.00450951	20	0.0232452
0.4	0.00453513	20	0.0232452
0.4	0.00456075	20	0.0232452
0.4	0.00458637	20	0.0232452
0.4	0.004612	20	0.0232452
0.4	0.00463762	20	0.0232452
0.4	0.00466324	20	0.0232452
0.4	0.00468886	20	0.0232453
0.4	0.00471448	20	0.0232453
0.4	0.00474011	20	0.0232453
0.4	0.00476573	20	0.0232453
0.4	0.00479135	20	0.0232453
0.4	0.00481697	20	0.0232453
0.4	0.0048426	20	0.0232453
0.4	0.00486822	20	0.0232453
0.4	0.00489384	20	0.0232453
0.4	0.00491946	20	0.0232453
0.4	0.00494508	20	0.0232453
0.4	0.00497071	20	0.0232453
0.4	0.00499633	20	0.0232453
0.4	0.00502195	20	0.0232453
0.4	0.00504757	20	0.0232453
0.4	0.0050732	20	0.0232453
0.4	0.00509882	20	0.0232453
0.4	0.00512444	20	0.0232453
0.4	0.00515006	20	0.0232453
0.4	0.00517568	20	0.0232453
0.4	0.00520131	20	0.0232453
0.4	0.00522693	20	0.0232453
0.4	0.00525255	20	0.0232453
0.4	0.00527817	20	0.0232453
0.4	0.00530379	20	0.0232453
0.4	0.00532942	20	0.0232453
0.4	0.00535504	20	0.0232453
0.4	0.00538066	20	0.0232453
0.4	0.00540628	20	0.0232453
0.4	0.00543191	20	0.0232453
0.4	0.00545753	20	0.0232453
0.4	0.00548315	20	0.0232453
0.4	0.00550877	20	0.0232453
0.4	0.00553439	20	0.0232453
0.4	0.00556002	20	0.0232453
0.4	0.00558564	20	0.0232453
0.4	0.00561126	20	0.0232453
0.4	0.00563688	20	0.0232453
0.4	0.00566251	20	0.0232453
0.4	0.00568813	20	0.0232453
0.4	0.00571375	20	0.0232453
0.4	0.00573937	20	0.0232453
0.4	0.00576499	20	0.0232453
0.4	0.00579062	20	0.0232453
0.4	0.00581624	20	0.0232453
0.4	0.00584186	20	0.0232453
0.4	0.00586748	20	0.0232453
0.4	0.00589311	20	0.0232453
0.4	0.00591873	20	0.0232453
0.4	0.00594435	20	0.0232453
0.4	0.00596997	20	0.0232453
0.4	0.00599559	20	0.0232453
0.4	0.00602122	20	0.0232453
0.4	0.00604684	20	0.0232453
0.4	0.00607246	20	0.0232453
0.4	0.00609808	20	0.0232453
0.4	0.00612371	20	0.0232453
0.4	0.00614933	20	0.0232453
0.4	0.00617495	20	0.0232453
0.4	0.00620057	20	0.0232453
0.4	0.00622619	20	0.0232453
0.4	0.00625182	20	0.0232453
0.4	0.00627744	20	0.0232453
0.4	0.00630306	20	0.0232453
0.4	0.00632868	20	0.0232453
0.4	0.0063543	20	0.0232453
0.4	0.00637993	20	0.0232453
0.4	0.00640555	20	0.0232453

0.45	0	0	0
0.45	2.56222e-05	0.296718	4.22144e-06
0.45	5.12444e-05	0.593433	1.68856e-05
0.45	7.68666e-05	0.89014	3.79919e-05
0.45	0.000102489	1.18683	6.75388e-05
0.45	0.000128111	1.48348	0.000105523
0.45	0.000153733	1.78008	0.000151939
0.45	0.000179355	2.07659	0.00020678
0.45	0.000204978	2.373	0.000270036
0.45	0.0002306	2.66927	0.000341691
0.45	0.000256222	2.96537	0.000421727
0.45	0.000281844	3.26124	0.000510124
0.45	0.000307466	3.55685	0.000606851
0.45	0.000333089	3.85214	0.000711878
0.45	0.000358711	4.14707	0.000825165
0.45	0.000384333	4.44156	0.000946667
0.45	0.000409955	4.73557	0.00107633
0.45	0.000435577	5.02902	0.0012141
0.45	0.0004612	5.32184	0.00135991
0.45	0.000486822	5.61397	0.00151368
0.45	0.000512444	5.90531	0.00167533
0.45	0.000538066	6.1958	0.00184476
0.45	0.000563688	6.48534	0.00202189
0.45	0.000589311	6.77384	0.00220659
0.45	0.000614933	7.06123	0.00239874
0.45	0.000640555	7.34739	0.00259822
0.45	0.000666177	7.63223	0.00280489
0.45	0.000691799	7.91566	0.0030186
0.45	0.000717422	8.19757	0.00323918
0.45	0.000743044	8.47786	0.00346647
0.45	0.000768666	8.75642	0.00370027
0.45	0.000794288	9.03314	0.00394041
0.45	0.00081991	9.30791	0.00418667
0.45	0.000845533	9.58062	0.00443885
0.45	0.000871155	9.85116	0.00469672
0.45	0.000896777	10.1194	0.00496004
0.45	0.000922399	10.3853	0.00522857
0.45	0.000948021	10.6486	0.00550205
0.45	0.000973644	10.9093	0.00578023
0.45	0.000999266	11.1673	0.00606283
0.45	0.00102489	11.4225	0.00634956
0.45	0.00105051	11.6746	0.00664014
0.45	0.00107613	11.9237	0.00693428
0.45	0.00110175	12.1697	0.00723166
0.45	0.00112738	12.4123	0.00753197
0.45	0.001153	12.6516	0.0078349
0.45	0.00117862	12.8874	0.00814012
0.45	0.00120424	13.1196	0.00844731
0.45	0.00122987	13.3481	0.00875614
0.45	0.00125549	13.5728	0.00906627
0.45	0.00128111	13.7937	0.00937737
0.45	0.00130673	14.0107	0.0096891
0.45	0.00133235	14.2236	0.0100011
0.45	0.00135798	14.4325	0.0103131
0.45	0.0013836	14.6372	0.0106247
0.45	0.00140922	14.8377	0.0109356
0.45	0.00143484	15.0339	0.0112454
0.45	0.00146047	15.2258	0.0115538
0.45	0.00148609	15.4133	0.0118606
0.45	0.00151171	15.5964	0.0121653
0.45	0.00153733	15.7751	0.0124678
0.45	0.00156295	15.9493	0.0127676
0.45	0.00158858	16.119	0.0130645
0.45	0.0016142	16.2841	0.0133582
0.45	0.00163982	16.4448	0.0136484
0.45	0.00166544	16.6009	0.0139349
0.45	0.00169107	16.7525	0.0142173
0.45	0.00171669	16.8995	0.0144956
0.45	0.00174231	17.0421	0.0147694
0.45	0.00176793	17.1802	0.0150385
0.45	0.00179355	17.3139	0.0153027
0.45	0.00181918	17.4431	0.0155619
0.45	0.0018448	17.5679	0.0158158
0.45	0.00187042	17.6884	0.0160644
0.45	0.00189604	17.8046	0.0163073
0.45	0.00192166	17.9166	0.0165446
0.45	0.00194729	18.0244	0.0167762
0.45	0.00197291	18.128	0.0170018
0.45	0.00199853	18.2277	0.0172214
0.45	0.00202415	18.3233	0.017435
0.45	0.00204978	18.415	0.0176425
0.45	0.0020754	18.503	0.0178439
0.45	0.00210102	18.5871	0.018039
0.45	0.00212664	18.6677	0.018228
0.45	0.00215226	18.7446	0.0184108
0.45	0.00217789	18.8181	0.0185874
0.45	0.00220351	18.8882	0.0187579
0.45	0.00222913	18.955	0.0189222
0.45	0.00225475	19.0186	0.0190805
0.45	0.00228038	19.079	0.0192328
0.45	0.002306	19.1365	0.0193791
0.45	0.00233162	19.1911	0.0195196
0.45	0.00235724	19.2429	0.0196544
0.45	0.00238286	19.2919	0.0197834
0.45	0.00240849	19.3383	0.0199069
0.45	0.00243411	19.3823	0.020025
0.45	0.00245973	19.4237	0.0201377
0.45	0.00248535	19.4629	0.0202452
0.45	0.00251098	19.4998	0.0203476
0.45	0.0025366	19.5346	0.0204451
0.45	0.00256222	19.5674	0.0205378
0.45	0.00258784	19.5982	0.0206258
0.45	0.00261346	19.6271	0.0207094
0.45	0.00263909	19.6543	0.0207885
0.45	0.00266471	19.6797	0.0208634
0.45	0.00269033	19.7035	0.0209343
0.45	0.00271595	19.7258	0.0210012
0.45	0.00274158	19.7467	0.0210644
0.45	0.0027672	19.7662	0.0211239
0.45	0.00279282	19.7843	0.02118
0.45	0.00281844	19.8013	0.0212327
0.45	0.00284406	19.817	0.0212823
0.45	0.00286969	19.8317	0.0213288
0.45	0.00289531	19.8453	0.0213724
0.45	0.00292093	19.858	0.0214132
0.45	0.00294655	19.8697	0.0214514
0.45	0.00297217	19.8806	0.0214871
0.45	0.0029978	19.8906	0.0215205
0.45	0.00302342	19.8999	0.0215516
0.45	0.00304904	19.9085	0.0215805
0.45	0.00307466	19.9165	0.0216075
0.45	0.00310029	19.9238	0.0216326
0.45	0.00312591	19.9305	0.0216559
0.45	0.00315153	19.9367	0.0216775
0.45	0.00317715	19.9424	0.0216975
0.45	0.00320277	19.9476	0.021716
0.45	0.0032284	19.9524	0.0217331
0.45	0.00325402	19.9568	0.021749
0.45	0.00327964	19.9609	0.0217636
0.45	0.00330526	19.9646	0.021777
0.45	0.00333089	19.9679	0.0217894
0.45	0.00335651	19.971	0.0218008
0.45	0.00338213	19.9738	0.0218113
0.45	0.00340775	19.9764	0.021821
0.45	0.00343337	19.9787	0.0218298
0.45	0.003459	19.9808	0.0218379
0.45	0.00348462	19.9827	0.0218453
0.45	0.00351024	19.9845	0.021852
0.45	0.00353586	19.986	0.0218582
0.45	0.00356149	19.9875	0.0218638
0.45	0.00358711	19.9888	0.021869
0.45	0.00361273	19.9899	0.0218736
0.45	0.00363835	19.991	0.0218779
0.45	0.00366397	19.9919	0.0218818
0.45	0.0036896	19.9928	0.0218853
0.45	0.00371522	19.9936	0.0218884
0.45	0.00374084	19.9943	0.0218913
0.45	0.00376646	19.9949	0.0218939
0.45	0.00379209	19.9955	0.0218963
0.45	0.00381771	19.996	0.0218984
0.45	0.00384333	19.9964	0.0219003
0.45	0.00386895	19.9968	0.021902
0.45	0.00389457	19.9972	0.0219036
0.45	0.0039202	19.9975	0.021905
0.45	0.00394582	19.9978	0.0219063
0.45	0.00397144	19.998	0.0219074
0.45	0.00399706	19.9983	0.0219084
0.45	0.00402269	19.9985	0.0219093
0.45	0.00404831	19.9987	0.0219101
0.45	0.00407393	19.9988	0.0219108
0.45	0.00409955	19.999	0.0219115
0.45	0.00412517	19.9991	0.021912
0.45	0.0041508	19.9992	0.0219126
0.45	0.00417642	19.9993	0.021913
0.45	0.00420204	19.9994	0.0219134
0.45	0.00422766	19.9995	0.0219138
0.45	0.00425328	19.9995	0.0219141
0.45	0.00427891	19.9996	0.0219144
0.45	0.00430453	19.9996	0.0219146
0.45	0.00433015	19.9997	0.0219148
0.45	0.00435577	19.9997	0.021915
0.45	0.0043814	19.9998	0.0219152
0.45	0.00440702	19.9998	0.0219154
0.45	0.00443264	19.9998	0.0219155
0.45	0.00445826	19.9998	0.0219156
0.45	0.00448388	19.9999	0.0219157
0.45	0.00450951	19.9999	0.0219158
0.45	0.00453513	19.9999	0.0219159
0.45	0.00456075	19.9999	0.021916
0.45	0.00458637	19.9999	0.021916
0.45	0.004612	19.9999	0.0219161
0.45	0.00463762	19.9999	0.0219161
0.45	0.00466324	20	0.0219162
0.45	0.00468886	20	0.0219162
0.45	0.00471448	20	0.0219162
0.45	0.00474011	20	0.0219163
0.45	0.00476573	20	0.0219163
0.45	0.00479135	20	0.0219163
0.45	0.00481697	20	0.0219163
0.45	0.0048426	20	0.0219163
0.45	0.00486822	20	0.0219164
0.45	0.00489384	20	0.0219164
0.45	0.00491946	20	0.0219164
0.45	0.00494508	20	0.0219164
0.45	0.00497071	20	0.0219164
0.45	0.00499633	20	0.0219164
0.45	0.00502195	20	0.0219164
0.45	0.00504757	20	0.0219164
0.45	0.0050732	20	0.0219164
0.45	0.00509882	20	0.0219164
0.45	0.00512444	20	0.0219164
0.45	0.00515006	20	0.0219164
0.45	0.00517568	20	0.0219164
0.45	0.00520131	20	0.0219164
0.45	0.00522693	20	0.0219164
0.45	0.00525255	20	0.0219164
0.45	0.00527817	20	0.0219164
0.45	0.00530379	20	0.0219164
0.45	0.00532942	20	0.0219164
0.45	0.00535504	20	0.0219164
0.45	0.00538066	20	0.0219164
0.45	0.00540628	20	0.0219164
0.45	0.00543191	20	0.0219164
0.45	0.00545753	20	0.0219164
0.45	0.00548315	20	0.0219164
0.45	0.00550877	20	0.0219164
0.45	0.00553439	20	0.0219164
0.45	0.00556002	20	0.0219164
0.45	0.00558564	20	0.0219164
0.45	0.00561126	20	0.0219164
0.45	0.00563688	20	0.0219164
0.45	0.00566251	20	0.0219164
0.45	0.00568813	20	0.0219164
0.45	0.00571375	20	0.0219164
0.45	0.00573937	20	0.0219164
0.45	0.00576499	20	0.0219164
0.45	0.00579062	20	0.0219164
0.45	0.00581624	20	0.0219164
0.45	0.00584186	20	0.0219164
0.45	0.00586748	20	0.0219164
0.45	0.00589311	20	0.0219164
0.45	0.00591873	20	0.0219164
0.45	0.00594435	20	0.0219164
0.45	0.00596997	20	0.0219164
0.45	0.00599559	20	0.0219164
0.45	0.00602122	20	0.0219164
0.45	0.00604684	20	0.0219164
0.45	0.00607246	20	0.0219164
0.45	0.00609808	20	0.0219164
0.45	0.00612371	20	0.0219164
0.45	0.00614933	20	0.0219164
0.45	0.00617495	20	0.0219164
0.45	0.00620057	20	0.0219164
0.45	0.00622619	20	0.0219164
0.45	0.00625182	20	0.0219164
0.45	0.00627744	20	0.0219164
0.45	0.00630306	20	0.0219164
0.45	0.00632868	20	0.0219164
0.45	0.0063543	20	0.0219164
0.45	0.00637993	20	0.0219164
0.45	0.00640555	20	0.0219164

0.5	0	0	0
0.5	2.56222e-05	0.281499	3.60457e-06
0.5	5.12444e-05	0.562996	1.44182e-05
0.5	7.68666e-05	0.844486	3.24404e-05
0.5	0.000102489	1.12596	5.767e-05
0.5	0.000128111	1.40741	9.01048e-05
0.5	0.000153733	1.68881	0.000129741
0.5	0.000179355	1.97014	0.000176573
0.5	0.000204978	2.25139	0.000230593
0.5	0.0002306	2.53253	0.000291791
0.5	0.000256222	2.81352	0.000360153
0.5	0.000281844	3.09434	0.000435664
0.5	0.000307466	3.37494	0.000518303
0.5	0.000333089	3.65528	0.000608046
0.5	0.000358711	3.93533	0.000704865
0.5	0.000384333	4.21502	0.000808726
0.5	0.000409955	4.49433	0.000919593
0.5	0.000435577	4.77318	0.00103742
0.5	0.0004612	5.05152	0.00116216
0.5	0.000486822	5.32929	0.00129376
0.5	0.000512444	5.60643	0.00143216
0.5	0.000538066	5.88287	0.00157729
0.5	0.000563688	6.15854	0.00172907
0.5	0.000589311	6.43338	0.00188743
0.5	0.000614933	6.70729	0.00205227
0.5	0.000640555	6.98022	0.00222351
0.5	0.000666177	7.25207	0.00240104
0.5	0.000691799	7.52276	0.00258474
0.5	0.000717422	7.79222	0.0027745
0.5	0.000743044	8.06035	0.00297019
0.5	0.000768666	8.32706	0.00317168
0.5	0.000794288	8.59227	0.00337883
0.5	0.00081991	8.85588	0.00359147
0.5	0.000845533	9.1178	0.00380946
0.5	0.000871155	9.37794	0.00403263
0.5	0.000896777	9.6362	0.0042608
0.5	0.000922399	9.89248	0.00449379
0.5	0.000948021	10.1467	0.0047314
0.5	0.000973644	10.3987	0.00497344
0.5	0.000999266	10.6485	0.00521969
0.5	0.00102489	10.8959	0.00546996
0.5	0.00105051	11.1409	0.00572401
0.5	0.00107613	11.3833	0.00598162
0.5	0.00110175	11.623	0.00624256
0.5	0.00112738	11.8601	0.00650657
0.5	0.001153	12.0942	0.00677343
0.5	0.00117862	12.3255	0.00704288
0.5	0.00120424	12.5537	0.00731466
0.5	0.00122987	12.7789	0.00758851
0.5	0.00125549	13.0008	0.00786417
0.5	0.00128111	13.2195	0.00814137
0.5	0.00130673	13.4349	0.00841985
0.5	0.00133235	13.6468	0.00869933
0.5	0.00135798	13.8552	0.00897954
0.5	0.0013836	14.0601	0.00926021
0.5	0.00140922	14.2613	0.00954106
0.5	0.00143484	14.4589	0.00982182
0.5	0.00146047	14.6527	0.0101022
0.5	0.00148609	14.8427	0.010382
0.5	0.00151171	15.0288	0.0106608
0.5	0.00153733	15.2111	0.0109385
0.5	0.00156295	15.3894	0.0112148
0.5	0.00158858	15.5638	0.0114894
0.5	0.0016142	15.7342	0.0117621
0.5	0.00163982	15.9005	0.0120325
0.5	0.00166544	16.0628	0.0123006
0.5	0.00169107	16.221	0.012566
0.5	0.00171669	16.3752	0.0128285
0.5	0.00174231	16.5253	0.013088
0.5	0.00176793	16.6713	0.0133441
0.5	0.00179355	16.8133	0.0135967
0.5	0.00181918	16.9512	0.0138456
0.5	0.0018448	17.085	0.0140907
0.5	0.00187042	17.2148	0.0143317
0.5	0.00189604	17.3407	0.0145685
0.5	0.00192166	17.4625	0.0148009
0.5	0.00194729	17.5804	0.0150289
0.5	0.00197291	17.6944	0.0152522
0.5	0.00199853	17.8046	0.0154707
0.5	0.00202415	17.9109	0.0156845
0.5	0.00204978	18.0135	0.0158933
0.5	0.0020754	18.1123	0.016097
0.5	0.00210102	18.2075	0.0162957
0.5	0.00212664	18.2991	0.0164892
0.5	0.00215226	18.3872	0.0166775
0.5	0.00217789	18.4718	0.0168606
0.5	0.00220351	18.553	0.0170384
0.5	0.00222913	18.6309	0.0172109
0.5	0.00225475	18.7056	0.0173782
0.5	0.00228038	18.7771	0.0175401
0.5	0.002306	18.8454	0.0176968
0.5	0.00233162	18.9108	0.0178483
0.5	0.00235724	18.9732	0.0179945
0.5	0.00238286	19.0328	0.0181356
0.5	0.00240849	19.0896	0.0182716
0.5	0.00243411	19.1437	0.0184025
0.5	0.00245973	19.1952	0.0185284
0.5	0.00248535	19.2442	0.0186494
0.5	0.00251098	19.2907	0.0187656
0.5	0.0025366	19.3349	0.018877
0.5	0.00256222	19.3768	0.0189837
0.5	0.00258784	19.4165	0.0190859
0.5	0.00261346	19.4541	0.0191836
0.5	0.00263909	19.4897	0.019277
0.5	0.00266471	19.5233	0.0193661
0.5	0.00269033	19.5551	0.0194511
0.5	0.00271595	19.585	0.019532
0.5	0.00274158	19.6133	0.019609
0.5	0.0027672	19.6399	0.0196823
0.5	0.00279282	19.6649	0.0197518
0.5	0.00281844	19.6885	0.0198179
0.5	0.00284406	19.7106	0.0198804
0.5	0.00286969	19.7314	0.0199397
0.5	0.00289531	19.7508	0.0199958
0.5	0.00292093	19.7691	0.0200488
0.5	0.00294655	19.7862	0.0200989
0.5	0.00297217	19.8021	0.0201461
0.5	0.0029978	19.8171	0.0201906
0.5	0.00302342	19.831	0.0202326
0.5	0.00304904	19.844	0.020272
0.5	0.00307466	19.8561	0.0203091
0.5	0.00310029	19.8674	0.0203439
0.5	0.00312591	19.8779	0.0203765
0.5	0.00315153	19.8876	0.0204071
0.5	0.00317715	19.8967	0.0204358
0.5	0.00320277	19.9051	0.0204626
0.5	0.0032284	19.9129	0.0204876
0.5	0.00325402	19.9201	0.020511
0.5	0.00327964	19.9268	0.0205328
0.5	0.00330526	19.933	0.0205531
0.5	0.00333089	19.9387	0.020572
0.5	0.00335651	19.944	0.0205896
0.5	0.00338213	19.9488	0.020606
0.5	0.00340775	19.9533	0.0206211
0.5	0.00343337	19.9574	0.0206352
0.5	0.003459	19.9612	0.0206482
0.5	0.00348462	19.9647	0.0206603
0.5	0.00351024	19.9679	0.0206715
0.5	0.00353586	19.9708	0.0206818
0.5	0.00356149	19.9735	0.0206913
0.5	0.00358711	19.9759	0.0207001
0.5	0.00361273	19.9782	0.0207082
0.5	0.00363835	19.9802	0.0207156
0.5	0.00366397	19.9821	0.0207224
0.5	0.0036896	19.9838	0.0207287
0.5	0.00371522	19.9854	0.0207345
0.5	0.00374084	19.9868	0.0207398
0.5	0.00376646	19.9881	0.0207446
0.5	0.00379209	19.9893	0.0207491
0.5	0.00381771	19.9903	0.0207531
0.5	0.00384333	19.9913	0.0207568
0.5	0.00386895	19.9922	0.0207602
0.5	0.00389457	19.993	0.0207633
0.5	0.0039202	19.9937	0.0207661
0.5	0.00394582	19.9943	0.0207687
0.5	0.00397144	19.9949	0.020771
0.5	0.00399706	19.9955	0.0207731
0.5	0.00402269	19.9959	0.020775
0.5	0.00404831	19.9964	0.0207767
0.5	0.00407393	19.9968	0.0207783
0.5	0.00409955	19.9971	0.0207797
0.5	0.00412517	19.9974	0.020781
0.5	0.0041508	19.9977	0.0207822
0.5	0.00417642	19.998	0.0207832
0.5	0.00420204	19.9982	0.0207842
0.5	0.00422766	19.9984	0.020785
0.5	0.00425328	19.9986	0.0207858
0.5	0.00427891	19.9987	0.0207865
0.5	0.00430453	19.9989	0.0207871
0.5	0.00433015	19.999	0.0207877
0.5	0.00435577	19.9991	0.0207882
0.5	0.0043814	19.9992	0.0207886
0.5	0.00440702	19.9993	0.020789
0.5	0.00443264	19.9994	0.0207894
0.5	0.00445826	19.9995	0.0207897
0.5	0.00448388	19.9995	0.02079
0.5	0.00450951	19.9996	0.0207902
0.5	0.00453513	19.9996	0.0207905
0.5	0.00456075	19.9997	0.0207907
0.5	0.00458637	19.9997	0.0207908
0.5	0.004612	19.9998	0.020791
0.5	0.00463762	19.9998	0.0207911
0.5	0.00466324	19.9998	0.0207913
0.5	0.00468886	19.9998	0.0207914
0.5	0.00471448	19.9999	0.0207915
0.5	0.00474011	19.9999	0.0207916
0.5	0.00476573	19.9999	0.0207916
0.5	0.00479135	19.9999	0.0207917
0.5	0.00481697	19.9999	0.0207918
0.5	0.0048426	19.9999	0.0207918
0.5	0.00486822	19.9999	0.0207919
0.5	0.00489384	19.9999	0.0207919
0.5	0.00491946	20	0.0207919
0.5	0.00494508	20	0.020792
0.5	0.00497071	20	0.020792
0.5	0.00499633	20	0.020792
0.5	0.00502195	20	0.020792
0.5	0.00504757	20	0.0207921
0.5	0.0050732	20	0.0207921
0.5	0.00509882	20	0.0207921
0.5	0.00512444	20	0.0207921
0.5	0.00515006	20	0.0207921
0.5	0.00517568	20	0.0207921
0.5	0.00520131	20	0.0207921
0.5	0.00522693	20	0.0207921
0.5	0.00525255	20	0.0207922
0.5	0.00527817	20	0.0207922
0.5	0.00530379	20	0.0207922
0.5	0.00532942	20	0.0207922
0.5	0.00535504	20	0.0207922
0.5	0.00538066	20	0.0207922
0.5	0.00540628	20	0.0207922
0.5	0.00543191	20	0.0207922
0.5	0.00545753	20	0.0207922
0.5	0.00548315	20	0.0207922
0.5	0.00550877	20	0.0207922
0.5	0.00553439	20	0.0207922
0.5	0.00556002	20	0.0207922
0.5	0.00558564	20	0.0207922
0.5	0.00561126	20	0.0207922
0.5	0.00563688	20	0.0207922
0.5	0.00566251	20	0.0207922
0.5	0.00568813	20	0.0207922
0.5	0.00571375	20	0.0207922
0.5	0.00573937	20	0.0207922
0.5	0.00576499	20	0.0207922
0.5	0.00579062	20	0.0207922
0.5	0.00581624	20	0.0207922
0.5	0.00584186	20	0.0207922
0.5	0.00586748	20	0.0207922
0.5	0.00589311	20	0.0207922
0.5	0.00591873	20	0.0207922
0.5	0.00594435	20	0.0207922
0.5	0.00596997	20	0.0207922
0.5	0.00599559	20	0.0207922
0.5	0.00602122	20	0.0207922
0.5	0.00604684	20	0.0207922
0.5	0.00607246	20	0.0207922
0.5	0.00609808	20	0.0207922
0.5	0.00612371	20	0.0207922
0.5	0.00614933	20	0.0207922
0.5	0.00617495	20	0.0207922
0.5	0.00620057	20	0.0207922
0.5	0.00622619	20	0.0207922
0.5	0.00625182	20	0.0207922
0.5	0.00627744	20	0.0207922
0.5	0.00630306	20	0.0207922
0.5	0.00632868	20	0.0207922
0.5	0.0063543	20	0.0207922
0.5	0.00637993	20	0.0207922
0.5	0.00640555	20	0.0207922
